CHR_A BP_A SNP_A CHR_B BP_B SNP_B R2
3 11549596 SNP_1 3 11593013 SNP_2 0.790378
19 41248009 SNP_2 19 41281016 SNP_3 0.653171
12 11188140 SNP_3 12 11338781 SNP_4 0.203153
12 89468283 SNP_4 12 89520000 SNP_5 0.211142
4 32988370 SNP_5 4 33150243 SNP_6 0.201035
5 137834139 SNP_6 5 137883734 SNP_7 0.308624
5 176516631 SNP_7 5 176521456 SNP_8 0.976517
15 51524292 SNP_8 15 51558422 SNP_9 0.38547
12 68189227 SNP_9 12 68198742 SNP_10 0.750939
22 50978024 SNP_10 22 51024624 SNP_11 0.402803
6 22291538 SNP_11 6 22341469 SNP_12 0.337675
14 21725654 SNP_12 14 21785790 SNP_13 0.500838
19 49867913 SNP_13 19 49899076 SNP_14 0.384239
2 141459964 SNP_14 2 141500692 SNP_15 0.449177
14 21945415 SNP_15 14 21978293 SNP_16 0.486195
1 158597309 SNP_16 1 158612236 SNP_17 0.288301
8 89941214 SNP_17 8 89986154 SNP_18 0.374167
20 32806891 SNP_18 20 32842357 SNP_19 0.972623
16 29666736 SNP_19 16 29692692 SNP_20 0.437191
2 118019702 SNP_20 2 118206325 SNP_21 0.49533
20 3843027 SNP_21 20 3846397 SNP_22 0.983736
2 4608698 SNP_22 2 4641827 SNP_23 0.491561
4 157319984 SNP_23 4 157352843 SNP_24 0.411311
22 19183787 SNP_24 22 19196728 SNP_25 0.9911
16 1482473 SNP_25 16 1488646 SNP_26 0.302248
5 154425547 SNP_26 5 154447535 SNP_27 0.304298
4 111708287 SNP_27 4 111718067 SNP_28 0.465484
16 31640018 SNP_28 16 31696666 SNP_29 0.245957
11 5540466 SNP_29 11 5569452 SNP_30 0.302229
3 175403905 SNP_30 3 175410177 SNP_31 0.314076
6 158750330 SNP_31 6 158757183 SNP_32 0.289175
15 75125645 SNP_32 15 75194490 SNP_33 0.409237
2 101349735 SNP_33 2 101368376 SNP_34 0.709343
5 74655726 SNP_34 5 74879890 SNP_35 0.807067
16 77317591 SNP_35 16 77329641 SNP_36 0.717006
5 91327624 SNP_36 5 91572013 SNP_37 0.296656
11 127334464 SNP_37 11 127445359 SNP_38 0.269298
15 93544053 SNP_38 15 93555717 SNP_39 0.214428
18 28333703 SNP_39 18 28368036 SNP_40 0.393856
1 24039173 SNP_40 1 24119627 SNP_41 0.460293
12 94348223 SNP_41 12 94375401 SNP_42 0.275193
2 21263900 SNP_42 2 21360583 SNP_43 0.246784
6 56424232 SNP_43 6 56463410 SNP_44 0.305122
16 66971257 SNP_44 16 66999370 SNP_45 0.32886
7 128470838 SNP_45 7 128503543 SNP_46 0.28158
5 81504841 SNP_46 5 81574182 SNP_47 0.649876
1 35656664 SNP_47 1 36008113 SNP_48 0.242825
1 89847411 SNP_48 1 89888151 SNP_49 0.362791
14 104345822 SNP_49 14 104509076 SNP_50 0.236084
16 3406516 SNP_50 16 3406626 SNP_51 0.753892
15 46698146 SNP_51 15 46742501 SNP_52 0.310291
5 64726440 SNP_52 5 64881936 SNP_53 0.271107
8 117781753 SNP_53 8 117813226 SNP_54 0.641037
21 42912973 SNP_54 21 42920296 SNP_55 0.212921
19 46262286 SNP_55 19 46327933 SNP_56 0.322139
13 78866807 SNP_56 13 78971895 SNP_57 0.305348
5 133206205 SNP_57 5 133218456 SNP_58 0.225478
12 6572191 SNP_58 12 6575044 SNP_59 0.384548
13 114476253 SNP_59 13 114495479 SNP_60 0.678164
9 22053687 SNP_60 9 22081850 SNP_61 0.35199
1 57742783 SNP_61 1 57751761 SNP_62 0.750621
12 20480437 SNP_62 12 20508037 SNP_63 0.457192
12 108954502 SNP_63 12 108955882 SNP_64 0.997492
5 100985751 SNP_64 5 101095165 SNP_65 0.306194
12 27064232 SNP_65 12 27085287 SNP_66 0.995284
8 134272207 SNP_66 8 134305599 SNP_67 0.215601
22 39947068 SNP_67 22 40010383 SNP_68 0.480226
6 18127067 SNP_68 6 18141308 SNP_69 0.323875
8 97043469 SNP_69 8 97056904 SNP_70 0.563231
11 114308684 SNP_70 11 114442103 SNP_71 0.272018
1 248059423 SNP_71 1 248060929 SNP_72 0.498428
11 82880341 SNP_72 11 82883261 SNP_73 0.96513
12 117657521 SNP_73 12 117668525 SNP_74 0.205506
1 169696946 SNP_74 1 169723575 SNP_75 0.39809
16 65966429 SNP_75 16 66025717 SNP_76 0.343664
4 2087202 SNP_76 4 2138041 SNP_77 0.827004
12 58002599 SNP_77 12 58018979 SNP_78 0.63809
9 107647220 SNP_78 9 107664301 SNP_79 0.532098
5 167674472 SNP_79 5 167695777 SNP_80 0.758842
20 46425576 SNP_80 20 46511510 SNP_81 0.287914
19 50343129 SNP_81 19 50383636 SNP_82 0.6225
15 78806023 SNP_82 15 78878541 SNP_83 0.906097
12 33122182 SNP_83 12 33200154 SNP_84 0.59405
3 73587445 SNP_84 3 73594445 SNP_85 0.55368
1 205908867 SNP_85 1 205921859 SNP_86 0.292517
4 128814964 SNP_86 4 129018409 SNP_87 0.844948
6 26206074 SNP_87 6 26219384 SNP_88 0.331328
19 24490299 SNP_88 19 24503985 SNP_89 0.599945
2 37543544 SNP_89 2 37586187 SNP_90 0.52847
1 110536203 SNP_90 1 110538926 SNP_91 0.270311
16 67135354 SNP_91 16 67207933 SNP_92 0.894157
15 75724703 SNP_92 15 75736452 SNP_93 0.997714
12 104260287 SNP_93 12 104320209 SNP_94 0.976469
19 55434575 SNP_94 19 55441769 SNP_95 0.730873
5 76439250 SNP_95 5 76454612 SNP_96 0.292289
6 28315875 SNP_96 6 28330264 SNP_97 0.542305
9 127223127 SNP_97 9 127294185 SNP_98 0.25775
19 15839365 SNP_98 19 15852242 SNP_99 0.99639
15 33163454 SNP_99 15 33177298 SNP_100 0.665525
6 161902154 SNP_100 6 161909909 SNP_101 0.374151
5 73048002 SNP_101 5 73054256 SNP_102 0.216391
11 11799017 SNP_102 11 11913585 SNP_103 0.404749
19 36674305 SNP_103 19 36727365 SNP_104 0.604027
7 1051776 SNP_104 7 1117436 SNP_105 0.682061
12 18467005 SNP_105 12 18589718 SNP_106 0.360307
22 22123189 SNP_106 22 22281638 SNP_107 0.453055
3 154491076 SNP_107 3 154563232 SNP_108 0.89278
4 92241587 SNP_108 4 92483806 SNP_109 0.273154
2 99237792 SNP_109 2 99239931 SNP_110 0.418733
12 96015637 SNP_110 12 96017437 SNP_111 0.201399
5 53843527 SNP_111 5 53865607 SNP_112 0.239406
6 115408865 SNP_112 6 115417548 SNP_113 0.794889
5 96111371 SNP_113 5 96124330 SNP_114 0.212823
1 72960531 SNP_114 1 73008167 SNP_115 0.559079
6 52972082 SNP_115 6 53087805 SNP_116 0.331179
20 11177529 SNP_116 20 11194225 SNP_117 0.528774
8 27255146 SNP_117 8 27306159 SNP_118 0.499962
12 4696801 SNP_118 12 4736569 SNP_119 0.237354
22 35952322 SNP_119 22 35959242 SNP_120 0.213153
15 67934454 SNP_120 15 68089618 SNP_121 0.797202
7 120344218 SNP_121 7 120405335 SNP_122 0.280835
3 397958 SNP_122 3 404658 SNP_123 0.283481
15 33873657 SNP_123 15 33874275 SNP_124 0.270541
3 160007534 SNP_124 3 160110255 SNP_125 0.99218
15 96911139 SNP_125 15 96914950 SNP_126 0.22446
8 33356074 SNP_126 8 33369944 SNP_127 0.811031
9 124372152 SNP_127 9 124390320 SNP_128 0.702016
12 13893865 SNP_128 12 13988493 SNP_129 0.498002
9 119064047 SNP_129 9 119106881 SNP_130 0.279417
20 4387111 SNP_130 20 4390249 SNP_131 0.20863
10 17753044 SNP_131 10 17777674 SNP_132 0.992512
17 15928584 SNP_132 17 16158774 SNP_133 0.614148
9 81910701 SNP_133 9 81965838 SNP_134 0.216619
15 75694535 SNP_134 15 75724703 SNP_135 0.30067
1 159616629 SNP_135 1 159647988 SNP_136 0.39345
11 63360114 SNP_136 11 63367058 SNP_137 0.515752
9 136278870 SNP_137 9 136291063 SNP_138 0.348575
5 164129900 SNP_138 5 164222067 SNP_139 0.435647
19 50722984 SNP_139 19 50726459 SNP_140 0.883455
14 64935411 SNP_140 14 65001209 SNP_141 0.342763
7 95709602 SNP_141 7 95813831 SNP_142 0.237758
3 109871824 SNP_142 3 109930192 SNP_143 0.24711
3 180550702 SNP_143 3 180713021 SNP_144 0.53908
11 33060544 SNP_144 11 33091567 SNP_145 0.44901
2 61353256 SNP_145 2 61425621 SNP_146 0.58381
17 57061238 SNP_146 17 57371432 SNP_147 0.209204
5 154307863 SNP_147 5 154425547 SNP_148 0.474409
9 125391127 SNP_148 9 125391241 SNP_149 0.99568
2 179578704 SNP_149 2 179593352 SNP_150 0.974817
14 64497930 SNP_150 14 64522843 SNP_151 0.820057
9 77739769 SNP_151 9 77750789 SNP_152 0.427939
17 46862711 SNP_152 17 46929908 SNP_153 0.49566
11 123777536 SNP_153 11 123778031 SNP_154 0.995676
6 143544740 SNP_154 6 143703756 SNP_155 0.274955
20 23017017 SNP_155 20 23017082 SNP_156 0.997814
8 134548571 SNP_156 8 134554110 SNP_157 0.523874
6 165560791 SNP_157 6 165579349 SNP_158 0.226853
11 6891758 SNP_158 11 6898758 SNP_159 0.47848
1 219700519 SNP_159 1 219798632 SNP_160 0.347101
7 80971396 SNP_160 7 81031722 SNP_161 0.38634
19 1525307 SNP_161 19 1526470 SNP_162 0.717077
4 141981670 SNP_162 4 141995777 SNP_163 0.537064
7 82516932 SNP_163 7 82583609 SNP_164 0.486359
6 100883851 SNP_164 6 101312424 SNP_165 0.329191
2 234273242 SNP_165 2 234358286 SNP_166 0.260788
12 99060350 SNP_166 12 99090130 SNP_167 0.463872
6 26542773 SNP_167 6 26553531 SNP_168 0.988275
14 28990427 SNP_168 14 29011616 SNP_169 0.405229
3 119430289 SNP_169 3 119523872 SNP_170 0.282995
1 151680974 SNP_170 1 151742798 SNP_171 0.396919
16 4719981 SNP_171 16 4721468 SNP_172 0.519151
3 26414023 SNP_172 3 26419124 SNP_173 0.462997
10 96204219 SNP_173 10 96370853 SNP_174 0.586949
3 178008970 SNP_174 3 178072001 SNP_175 0.204174
7 101788475 SNP_175 7 101949128 SNP_176 0.227381
15 38819889 SNP_176 15 38907041 SNP_177 0.292039
16 74482053 SNP_177 16 74609177 SNP_178 0.289141
2 85549527 SNP_178 2 85562172 SNP_179 0.338727
6 28382932 SNP_179 6 28408258 SNP_180 0.483543
6 31836827 SNP_180 6 31839309 SNP_181 0.526165
20 10386013 SNP_181 20 10386059 SNP_182 0.998058
18 12083314 SNP_182 18 12109597 SNP_183 0.247567
6 32796226 SNP_183 6 32797684 SNP_184 0.475902
20 34116282 SNP_184 20 34152782 SNP_185 0.803816
14 25360584 SNP_185 14 25396079 SNP_186 0.215857
12 301428 SNP_186 12 303320 SNP_187 0.557493
12 128186821 SNP_187 12 128195525 SNP_188 0.484518
19 35613623 SNP_188 19 35615179 SNP_189 0.314303
5 168200104 SNP_189 5 168203455 SNP_190 0.283829
10 16331830 SNP_190 10 16383931 SNP_191 0.238705
1 231145185 SNP_191 1 231162072 SNP_192 0.299323
15 91114376 SNP_192 15 91221307 SNP_193 0.21389
18 13642721 SNP_193 18 13739959 SNP_194 0.472808
9 35662251 SNP_194 9 35712003 SNP_195 0.336187
19 9142925 SNP_195 19 9168586 SNP_196 0.473289
1 155282829 SNP_196 1 155735012 SNP_197 0.61781
11 83562296 SNP_197 11 83576460 SNP_198 0.382363
1 65869274 SNP_198 1 65885357 SNP_199 0.28203
12 130278402 SNP_199 12 130280270 SNP_200 0.305921
8 58252739 SNP_200 8 58281055 SNP_201 0.360095
11 28948495 SNP_201 11 28962881 SNP_202 0.372372
17 61819960 SNP_202 17 62003810 SNP_203 0.612962
8 119923873 SNP_203 8 120044829 SNP_204 0.607083
2 88784492 SNP_204 2 88895351 SNP_205 0.221798
8 141461266 SNP_205 8 141480330 SNP_206 0.542087
1 42898843 SNP_206 1 42899893 SNP_207 0.264581
14 25474449 SNP_207 14 25476170 SNP_208 0.502511
2 206833918 SNP_208 2 206921451 SNP_209 0.223264
10 4332824 SNP_209 10 4433008 SNP_210 0.250212
12 26975759 SNP_210 12 26986984 SNP_211 0.515405
14 37024488 SNP_211 14 37039630 SNP_212 0.365014
3 48478039 SNP_212 3 48487338 SNP_213 0.982705
9 117821618 SNP_213 9 117823775 SNP_214 0.372045
17 55940770 SNP_214 17 55951037 SNP_215 0.294326
3 169023088 SNP_215 3 169035053 SNP_216 0.602772
6 35371753 SNP_216 6 35378778 SNP_217 0.757788
3 88104411 SNP_217 3 88296807 SNP_218 0.466921
1 44117006 SNP_218 1 44249344 SNP_219 0.372585
11 27225418 SNP_219 11 27260264 SNP_220 0.442117
12 32255049 SNP_220 12 32295916 SNP_221 0.771854
8 130499223 SNP_221 8 130522508 SNP_222 0.247662
6 27385770 SNP_222 6 27390399 SNP_223 0.427095
12 108673048 SNP_223 12 108688530 SNP_224 0.378339
12 51674501 SNP_224 12 51760327 SNP_225 0.406856
12 55715048 SNP_225 12 55725690 SNP_226 0.992911
16 633354 SNP_226 16 665323 SNP_227 0.287119
13 31159911 SNP_227 13 31231806 SNP_228 0.6517
3 139164874 SNP_228 3 139178853 SNP_229 0.506564
12 117688699 SNP_229 12 117693817 SNP_230 0.620939
5 123637299 SNP_230 5 123645164 SNP_231 0.917979
1 151820324 SNP_231 1 151846517 SNP_232 0.212076
8 101726477 SNP_232 8 101796638 SNP_233 0.294791
7 20036179 SNP_233 7 20072606 SNP_234 0.230837
3 24941038 SNP_234 3 24957204 SNP_235 0.223956
5 157402197 SNP_235 5 157402820 SNP_236 0.287998
6 27251379 SNP_236 6 27256102 SNP_237 0.321367
17 76470654 SNP_237 17 76479367 SNP_238 0.357085
6 11339769 SNP_238 6 11350265 SNP_239 0.691461
9 36932342 SNP_239 9 36947127 SNP_240 0.291609
21 34581033 SNP_240 21 34632241 SNP_241 0.229059
20 33527838 SNP_241 20 33584289 SNP_242 0.75139
1 10027540 SNP_242 1 10177790 SNP_243 0.458986
9 124143300 SNP_243 9 124211829 SNP_244 0.835907
2 49646785 SNP_244 2 49653672 SNP_245 0.573461
4 56243522 SNP_245 4 56323597 SNP_246 0.353308
9 131201895 SNP_246 9 131285955 SNP_247 0.655155
20 2490750 SNP_247 20 2496499 SNP_248 0.284011
14 100892749 SNP_248 14 100898748 SNP_249 0.324636
5 33958959 SNP_249 5 33963870 SNP_250 0.471319
11 123778031 SNP_250 11 123782042 SNP_251 0.605187
3 15648004 SNP_251 3 15737698 SNP_252 0.26808
6 135692847 SNP_252 6 135761233 SNP_253 0.656625
19 57641146 SNP_253 19 57647236 SNP_254 0.994379
3 146432172 SNP_254 3 146495703 SNP_255 0.600265
1 221581795 SNP_255 1 221685360 SNP_256 0.256769
3 128743450 SNP_256 3 128762833 SNP_257 0.426483
1 26486092 SNP_257 1 26527255 SNP_258 0.396017
19 36530428 SNP_258 19 36547530 SNP_259 0.661557
17 37530066 SNP_259 17 37682657 SNP_260 0.984504
2 179667090 SNP_260 2 179737144 SNP_261 0.216788
20 3666255 SNP_261 20 3686436 SNP_262 0.2018
14 95064435 SNP_262 14 95080803 SNP_263 0.236387
9 124974419 SNP_263 9 124984125 SNP_264 0.346453
1 239473965 SNP_264 1 239498915 SNP_265 0.24919
3 119533733 SNP_265 3 119821242 SNP_266 0.249078
15 99671760 SNP_266 15 99767071 SNP_267 0.206194
9 34581525 SNP_267 9 34631159 SNP_268 0.239465
22 43458018 SNP_268 22 43465814 SNP_269 0.873343
12 93160220 SNP_269 12 93230189 SNP_270 0.212395
8 10168094 SNP_270 8 10183540 SNP_271 0.207907
1 59205102 SNP_271 1 59221647 SNP_272 0.449994
18 58164299 SNP_272 18 58169019 SNP_273 0.256996
20 32955423 SNP_273 20 33212055 SNP_274 0.703837
5 90620309 SNP_274 5 90762748 SNP_275 0.430064
13 23682836 SNP_275 13 23711386 SNP_276 0.247162
2 38441983 SNP_276 2 38489223 SNP_277 0.200487
18 77246406 SNP_277 18 77250638 SNP_278 0.504284
7 100240296 SNP_278 7 100315517 SNP_279 0.259127
5 167907762 SNP_279 5 168035896 SNP_280 0.535491
4 11571164 SNP_280 4 11623160 SNP_281 0.202183
7 48482244 SNP_281 7 48657541 SNP_282 0.614363
4 185633865 SNP_282 4 185639169 SNP_283 0.416102
4 70520394 SNP_283 4 70520597 SNP_284 0.237607
1 238131721 SNP_284 1 238413920 SNP_285 0.37704
4 151171082 SNP_285 4 151233261 SNP_286 0.29515
11 36268621 SNP_286 11 36320780 SNP_287 0.456728
7 129989878 SNP_287 7 130027037 SNP_288 0.225666
7 23654126 SNP_288 7 23794029 SNP_289 0.415753
7 133693897 SNP_289 7 133735533 SNP_290 0.523346
9 34310927 SNP_290 9 34332740 SNP_291 0.304574
15 76496232 SNP_291 15 76622768 SNP_292 0.428506
13 76382100 SNP_292 13 76478134 SNP_293 0.383532
16 71513034 SNP_293 16 71641395 SNP_294 0.211488
5 156705880 SNP_294 5 156769649 SNP_295 0.594668
11 90240734 SNP_295 11 90364381 SNP_296 0.413673
10 106202953 SNP_296 10 106207933 SNP_297 0.206408
12 28265584 SNP_297 12 28296711 SNP_298 0.347094
19 55525497 SNP_298 19 55530035 SNP_299 0.962619
10 1898756 SNP_299 10 1913123 SNP_300 0.362275
13 50114491 SNP_300 13 50141345 SNP_301 0.419922
6 14551593 SNP_301 6 14598820 SNP_302 0.389729
8 62705616 SNP_302 8 62716334 SNP_303 0.330031
6 33139662 SNP_303 6 33141253 SNP_304 0.478353
2 119939585 SNP_304 2 120021917 SNP_305 0.207479
17 2203167 SNP_305 17 2207425 SNP_306 0.203948
21 25195496 SNP_306 21 25211367 SNP_307 0.419597
3 108742489 SNP_307 3 108746084 SNP_308 0.497354
1 193878858 SNP_308 1 193879922 SNP_309 0.22271
12 118650374 SNP_309 12 118682751 SNP_310 0.448826
14 32231895 SNP_310 14 32240738 SNP_311 0.772698
4 158842148 SNP_311 4 159001538 SNP_312 0.472876
3 65923740 SNP_312 3 65946152 SNP_313 0.43972
13 39000963 SNP_313 13 39102184 SNP_314 0.230402
3 129274655 SNP_314 3 129284818 SNP_315 0.259216
11 93330918 SNP_315 11 93401193 SNP_316 0.412357
7 146837274 SNP_316 7 146850936 SNP_317 0.59534
18 61442910 SNP_317 18 61582867 SNP_318 0.328455
20 44505973 SNP_318 20 44506418 SNP_319 0.837372
1 30328390 SNP_319 1 30347456 SNP_320 0.346679
15 79748603 SNP_320 15 79749447 SNP_321 0.993304
5 140553664 SNP_321 5 140602119 SNP_322 0.353284
11 98741154 SNP_322 11 98774134 SNP_323 0.206723
2 80332151 SNP_323 2 80371312 SNP_324 0.209491
17 1622177 SNP_324 17 1640793 SNP_325 0.235194
15 85633868 SNP_325 15 85695199 SNP_326 0.679113
10 34705559 SNP_326 10 34914171 SNP_327 0.461001
6 49007773 SNP_327 6 49288384 SNP_328 0.322653
18 26853787 SNP_328 18 26872113 SNP_329 0.398016
19 41588915 SNP_329 19 41673848 SNP_330 0.216642
2 56053353 SNP_330 2 56089540 SNP_331 0.516053
9 125316033 SNP_331 9 125330678 SNP_332 0.756754
11 95756889 SNP_332 11 95761960 SNP_333 0.896335
6 39325078 SNP_333 6 39325549 SNP_334 0.284305
1 180105578 SNP_334 1 180119544 SNP_335 0.213709
21 38233237 SNP_335 21 38366411 SNP_336 0.228397
7 31939381 SNP_336 7 31965969 SNP_337 0.409167
10 50902684 SNP_337 10 50916542 SNP_338 0.386362
15 68877435 SNP_338 15 68885583 SNP_339 0.284488
1 43381026 SNP_339 1 43398396 SNP_340 0.366519
3 190294150 SNP_340 3 190296935 SNP_341 0.297116
1 195135737 SNP_341 1 195155293 SNP_342 0.457269
16 612698 SNP_342 16 633125 SNP_343 0.553493
5 102566471 SNP_343 5 102695626 SNP_344 0.215654
16 633354 SNP_344 16 645968 SNP_345 0.973054
6 135761233 SNP_345 6 135960479 SNP_346 0.243077
4 170719215 SNP_346 4 170753739 SNP_347 0.717091
14 56737071 SNP_347 14 56756078 SNP_348 0.670357
16 29848417 SNP_348 16 29860685 SNP_349 0.956163
19 44570393 SNP_349 19 44614208 SNP_350 0.276865
8 365789 SNP_350 8 445601 SNP_351 0.297679
9 82362495 SNP_351 9 82387265 SNP_352 0.352894
12 109840940 SNP_352 12 109937534 SNP_353 0.425816
1 213167762 SNP_353 1 213336940 SNP_354 0.249987
2 25158008 SNP_354 2 25239969 SNP_355 0.820682
10 1924785 SNP_355 10 1935387 SNP_356 0.378295
8 140687274 SNP_356 8 140700957 SNP_357 0.980343
10 16767461 SNP_357 10 16779115 SNP_358 0.241538
1 244902468 SNP_358 1 244920820 SNP_359 0.218256
16 63679335 SNP_359 16 63689602 SNP_360 0.593061
21 39450558 SNP_360 21 39698055 SNP_361 0.368355
12 129604535 SNP_361 12 129619025 SNP_362 0.216622
5 31344055 SNP_362 5 31353220 SNP_363 0.664276
19 47200618 SNP_363 19 47208481 SNP_364 0.232854
4 102656452 SNP_364 4 102677497 SNP_365 0.361234
11 98991226 SNP_365 11 98996775 SNP_366 0.442948
22 39429209 SNP_366 22 39497452 SNP_367 0.207603
5 15571736 SNP_367 5 15756955 SNP_368 0.213867
2 37458711 SNP_368 2 37466846 SNP_369 0.637311
6 28113373 SNP_369 6 28137454 SNP_370 0.483146
3 11987520 SNP_370 3 11998856 SNP_371 0.908285
1 36732857 SNP_371 1 36818791 SNP_372 0.899421
14 51368610 SNP_372 14 51371121 SNP_373 0.997251
6 31085882 SNP_373 6 31089125 SNP_374 0.996298
3 108661128 SNP_374 3 108742489 SNP_375 0.202659
6 160182096 SNP_375 6 160198395 SNP_376 0.482647
15 39989619 SNP_376 15 40022773 SNP_377 0.777033
8 87568644 SNP_377 8 87578131 SNP_378 0.547781
11 6549995 SNP_378 11 6550004 SNP_379 0.997406
1 52850446 SNP_379 1 53039603 SNP_380 0.771776
10 16718607 SNP_380 10 16736977 SNP_381 0.498151
10 123346190 SNP_381 10 123352317 SNP_382 0.939205
6 32787570 SNP_382 6 32791299 SNP_383 0.521896
17 17008364 SNP_383 17 17124815 SNP_384 0.365963
3 185478957 SNP_384 3 185530290 SNP_385 0.275856
1 248348194 SNP_385 1 248438452 SNP_386 0.221174
5 126633827 SNP_386 5 126646864 SNP_387 0.451814
2 220086280 SNP_387 2 220087441 SNP_388 0.874871
11 69300075 SNP_388 11 69306579 SNP_389 0.201431
20 3138280 SNP_389 20 3147024 SNP_390 0.245663
2 216190654 SNP_390 2 216229850 SNP_391 0.491948
6 27296371 SNP_391 6 27298200 SNP_392 0.478707
10 59768050 SNP_392 10 59790706 SNP_393 0.683183
3 119943453 SNP_393 3 120043836 SNP_394 0.55792
12 16320013 SNP_394 12 16329053 SNP_395 0.213213
6 34435031 SNP_395 6 34483015 SNP_396 0.277308
14 22957171 SNP_396 14 22974256 SNP_397 0.463704
1 243608967 SNP_397 1 243617188 SNP_398 0.243209
20 44742064 SNP_398 20 44780406 SNP_399 0.221542
8 68968166 SNP_399 8 68968171 SNP_400 0.993887
1 53320274 SNP_400 1 53362818 SNP_401 0.907389
6 82193109 SNP_401 6 82287685 SNP_402 0.220389
18 65175648 SNP_402 18 65186331 SNP_403 0.33191
17 40714804 SNP_403 17 40757564 SNP_404 0.989098
19 57488423 SNP_404 19 57521142 SNP_405 0.240288
5 44853352 SNP_405 5 45099458 SNP_406 0.346545
7 100374087 SNP_406 7 100446235 SNP_407 0.273934
17 18220674 SNP_407 17 18220770 SNP_408 0.23152
2 46073717 SNP_408 2 46091279 SNP_409 0.354806
6 27365725 SNP_409 6 27365994 SNP_410 0.999345
2 26223547 SNP_410 2 26362515 SNP_411 0.215709
13 36402426 SNP_411 13 36410580 SNP_412 0.229635
14 104402336 SNP_412 14 104509076 SNP_413 0.245087
6 35395578 SNP_413 6 35402805 SNP_414 0.386443
20 39301657 SNP_414 20 39356528 SNP_415 0.23409
4 139930032 SNP_415 4 140099768 SNP_416 0.503228
12 45417666 SNP_416 12 45468749 SNP_417 0.51133
9 93801208 SNP_417 9 93817639 SNP_418 0.422495
17 28952286 SNP_418 17 29068425 SNP_419 0.877284
12 56880672 SNP_419 12 56938383 SNP_420 0.61757
4 41892087 SNP_420 4 41992458 SNP_421 0.626765
21 27852724 SNP_421 21 27868589 SNP_422 0.381468
6 147115291 SNP_422 6 147126270 SNP_423 0.316719
2 27855239 SNP_423 2 27874563 SNP_424 0.800238
1 113163529 SNP_424 1 113248791 SNP_425 0.233298
4 56734701 SNP_425 4 56761548 SNP_426 0.25358
3 6212756 SNP_426 3 6213499 SNP_427 0.280713
15 47213071 SNP_427 15 47230919 SNP_428 0.257365
2 105924510 SNP_428 2 105998627 SNP_429 0.21422
6 149793025 SNP_429 6 149806552 SNP_430 0.255096
13 40886355 SNP_430 13 40887750 SNP_431 0.334654
9 36906843 SNP_431 9 36921921 SNP_432 0.483191
9 18921386 SNP_432 9 18927177 SNP_433 0.349861
12 50870429 SNP_433 12 50923274 SNP_434 0.229374
11 47270255 SNP_434 11 47275064 SNP_435 0.837812
7 89338128 SNP_435 7 89341720 SNP_436 0.622109
1 189147126 SNP_436 1 189315747 SNP_437 0.267565
15 42154738 SNP_437 15 42166475 SNP_438 0.958797
8 104310109 SNP_438 8 104417045 SNP_439 0.600071
18 55493868 SNP_439 18 55495208 SNP_440 0.2858
9 97523578 SNP_440 9 97647314 SNP_441 0.349614
1 185015534 SNP_441 1 185069561 SNP_442 0.965839
15 78894339 SNP_442 15 78911181 SNP_443 0.757246
8 68649585 SNP_443 8 68677337 SNP_444 0.216198
13 66149008 SNP_444 13 66192649 SNP_445 0.398261
5 58939801 SNP_445 5 58965956 SNP_446 0.304701
10 30304918 SNP_446 10 30335122 SNP_447 0.373038
6 26423560 SNP_447 6 26430848 SNP_448 0.229746
7 152799577 SNP_448 7 152918558 SNP_449 0.332917
17 71176144 SNP_449 17 71232687 SNP_450 0.871142
17 42637488 SNP_450 17 42650933 SNP_451 0.233403
16 77179300 SNP_451 16 77206562 SNP_452 0.357475
12 98259397 SNP_452 12 98295369 SNP_453 0.215152
8 68968171 SNP_453 8 68970297 SNP_454 0.234394
19 39919538 SNP_454 19 39974103 SNP_455 0.955874
2 160069021 SNP_455 2 160123080 SNP_456 0.692187
1 177279412 SNP_456 1 177362948 SNP_457 0.380225
3 47282303 SNP_457 3 47405456 SNP_458 0.904237
22 39947068 SNP_458 22 40026309 SNP_459 0.230845
19 37487632 SNP_459 19 37654976 SNP_460 0.398584
4 84070303 SNP_460 4 84072132 SNP_461 0.533677
19 51996392 SNP_461 19 52004743 SNP_462 0.274562
16 54166636 SNP_462 16 54183884 SNP_463 0.301962
3 48237104 SNP_463 3 48370769 SNP_464 0.806645
11 118435756 SNP_464 11 118443944 SNP_465 0.985606
7 23252413 SNP_465 7 23294516 SNP_466 0.25637
6 25863650 SNP_466 6 25864898 SNP_467 0.379097
12 22904050 SNP_467 12 22915363 SNP_468 0.541089
16 81341363 SNP_468 16 81398635 SNP_469 0.675021
17 39620399 SNP_469 17 39623363 SNP_470 0.291402
6 167699704 SNP_470 6 167713792 SNP_471 0.254234
2 6195847 SNP_471 2 6231750 SNP_472 0.63706
1 155940948 SNP_472 1 156011444 SNP_473 0.471349
12 10123861 SNP_473 12 10132283 SNP_474 0.297119
15 38858062 SNP_474 15 38902476 SNP_475 0.79422
11 68149981 SNP_475 11 68192346 SNP_476 0.427866
10 103336402 SNP_476 10 103340056 SNP_477 0.251619
6 6868584 SNP_477 6 6873698 SNP_478 0.334761
19 58153009 SNP_478 19 58153577 SNP_479 0.999916
5 65288791 SNP_479 5 65438155 SNP_480 0.275405
4 149403565 SNP_480 4 149681828 SNP_481 0.244214
4 67668580 SNP_481 4 67696225 SNP_482 0.2357
17 3119767 SNP_482 17 3182396 SNP_483 0.323123
14 78110920 SNP_483 14 78129902 SNP_484 0.294866
11 10860810 SNP_484 11 10876353 SNP_485 0.634575
9 139266496 SNP_485 9 139269338 SNP_486 0.963399
9 103050407 SNP_486 9 103054951 SNP_487 0.508946
4 151185651 SNP_487 4 151241258 SNP_488 0.425284
6 32818774 SNP_488 6 32825379 SNP_489 0.224251
9 107292997 SNP_489 9 107360014 SNP_490 0.353135
9 111425920 SNP_490 9 111447666 SNP_491 0.209114
11 98501563 SNP_491 11 98612578 SNP_492 0.318581
14 67161341 SNP_492 14 67886117 SNP_493 0.30976
10 90593692 SNP_493 10 90693569 SNP_494 0.292922
6 160071159 SNP_494 6 160211339 SNP_495 0.799395
3 124543103 SNP_495 3 124604858 SNP_496 0.247384
13 39321442 SNP_496 13 39328541 SNP_497 0.242555
3 54834603 SNP_497 3 54869706 SNP_498 0.741497
14 42375243 SNP_498 14 42413647 SNP_499 0.914639
2 190443583 SNP_499 2 190487474 SNP_500 0.576319
17 17104714 SNP_500 17 17135422 SNP_501 0.504206
6 25925823 SNP_501 6 25936787 SNP_502 0.25513
18 46146221 SNP_502 18 46150975 SNP_503 0.276336
11 110227864 SNP_503 11 110278508 SNP_504 0.203363
3 88479786 SNP_504 3 88597404 SNP_505 0.625898
3 53840665 SNP_505 3 53877149 SNP_506 0.272189
10 51563700 SNP_506 10 51594462 SNP_507 0.24211
7 100350763 SNP_507 7 100365613 SNP_508 0.966384
7 134802683 SNP_508 7 134853888 SNP_509 0.363353
1 225912620 SNP_509 1 225924711 SNP_510 0.441637
3 59788525 SNP_510 3 59804978 SNP_511 0.269816
20 47488807 SNP_511 20 47895242 SNP_512 0.317212
11 133305986 SNP_512 11 133375648 SNP_513 0.274067
17 48719889 SNP_513 17 48761053 SNP_514 0.221021
13 48989812 SNP_514 13 49268247 SNP_515 0.516299
12 112871372 SNP_515 12 113024793 SNP_516 0.225682
12 16407309 SNP_516 12 16419405 SNP_517 0.59225
6 70595373 SNP_517 6 70705112 SNP_518 0.224892
16 73829270 SNP_518 16 73835699 SNP_519 0.390051
6 5960278 SNP_519 6 5969617 SNP_520 0.724722
13 79401439 SNP_520 13 79459140 SNP_521 0.290011
10 113502538 SNP_521 10 113522934 SNP_522 0.444761
16 1814440 SNP_522 16 1834724 SNP_523 0.279308
3 127090659 SNP_523 3 127105611 SNP_524 0.243625
20 23421101 SNP_524 20 23424638 SNP_525 0.959536
9 123836653 SNP_525 9 123887370 SNP_526 0.322484
12 44930901 SNP_526 12 44982356 SNP_527 0.209697
22 17831813 SNP_527 22 17860634 SNP_528 0.243116
6 135087658 SNP_528 6 135128858 SNP_529 0.232526
20 21606319 SNP_529 20 21636982 SNP_530 0.662404
11 76700656 SNP_530 11 76739223 SNP_531 0.99809
11 116379889 SNP_531 11 116383064 SNP_532 0.571423
4 85566809 SNP_532 4 85942613 SNP_533 0.253781
3 138061954 SNP_533 3 138091701 SNP_534 0.387038
2 36833861 SNP_534 2 36854548 SNP_535 0.368094
3 46680063 SNP_535 3 46721318 SNP_536 0.200118
1 44035352 SNP_536 1 44058265 SNP_537 0.663762
9 16789652 SNP_537 9 16824430 SNP_538 0.217333
12 109937534 SNP_538 12 110006512 SNP_539 0.318298
10 4105293 SNP_539 10 4207411 SNP_540 0.328405
17 37419317 SNP_540 17 37543449 SNP_541 0.545572
9 75545456 SNP_541 9 75547612 SNP_542 0.347661
6 89092535 SNP_542 6 89162999 SNP_543 0.272051
2 110877051 SNP_543 2 110882699 SNP_544 0.929567
12 115190601 SNP_544 12 115206320 SNP_545 0.260578
2 179623758 SNP_545 2 179634936 SNP_546 0.646317
12 27553566 SNP_546 12 27657161 SNP_547 0.467607
16 31271063 SNP_547 16 31347748 SNP_548 0.473292
7 120641406 SNP_548 7 120662704 SNP_549 0.330073
2 21204025 SNP_549 2 21232195 SNP_550 0.314973
22 36527967 SNP_550 22 36556823 SNP_551 0.387178
6 26528250 SNP_551 6 26553531 SNP_552 0.995761
5 165083316 SNP_552 5 165087285 SNP_553 0.368669
4 141078304 SNP_553 4 141084328 SNP_554 0.265939
16 66292957 SNP_554 16 66294764 SNP_555 0.333756
20 716233 SNP_555 20 723060 SNP_556 0.234069
1 183614282 SNP_556 1 183616884 SNP_557 0.999013
19 49977218 SNP_557 19 50000009 SNP_558 0.372302
12 21016375 SNP_558 12 21054369 SNP_559 0.577629
9 136086916 SNP_559 9 136131322 SNP_560 0.250613
1 234424289 SNP_560 1 234426478 SNP_561 0.333679
7 25095848 SNP_561 7 25111872 SNP_562 0.28017
12 24453707 SNP_562 12 24472658 SNP_563 0.213968
2 40134048 SNP_563 2 40165002 SNP_564 0.346105
17 72699833 SNP_564 17 72700943 SNP_565 0.985944
2 69648520 SNP_565 2 69667987 SNP_566 0.49398
2 113671410 SNP_566 2 113678604 SNP_567 0.205056
1 187017662 SNP_567 1 187049294 SNP_568 0.404623
9 78644071 SNP_568 9 78657751 SNP_569 0.334456
14 64655161 SNP_569 14 64670565 SNP_570 0.505268
2 205626483 SNP_570 2 205700834 SNP_571 0.200143
2 111451816 SNP_571 2 111463391 SNP_572 0.447361
3 14150414 SNP_572 3 14175262 SNP_573 0.562341
10 82431413 SNP_573 10 82431516 SNP_574 0.334616
1 59394353 SNP_574 1 59486551 SNP_575 0.228422
1 233785716 SNP_575 1 233805172 SNP_576 0.610651
14 74694849 SNP_576 14 74780039 SNP_577 0.270354
16 67316234 SNP_577 16 67320223 SNP_578 0.99585
11 55523384 SNP_578 11 55563900 SNP_579 0.437612
8 85135819 SNP_579 8 85140367 SNP_580 0.244132
12 128310660 SNP_580 12 128347645 SNP_581 0.492547
2 86406889 SNP_581 2 86499402 SNP_582 0.204203
16 89167094 SNP_582 16 89180883 SNP_583 0.61854
2 67414485 SNP_583 2 67429831 SNP_584 0.665527
20 31025163 SNP_584 20 31099311 SNP_585 0.273536
12 79329165 SNP_585 12 79410286 SNP_586 0.742185
11 108826776 SNP_586 11 108838910 SNP_587 0.36794
6 157390781 SNP_587 6 157394217 SNP_588 0.381865
17 27732942 SNP_588 17 27814496 SNP_589 0.204662
13 27543401 SNP_589 13 27543810 SNP_590 0.206995
7 41675159 SNP_590 7 41681228 SNP_591 0.207795
14 38256143 SNP_591 14 38262762 SNP_592 0.239993
1 160470756 SNP_592 1 160588242 SNP_593 0.279903
1 38154873 SNP_593 1 38166022 SNP_594 0.972642
5 102047150 SNP_594 5 102287920 SNP_595 0.330377
11 66362997 SNP_595 11 66602099 SNP_596 0.279633
21 16805220 SNP_596 21 16817051 SNP_597 0.88765
6 49513767 SNP_597 6 49701439 SNP_598 0.241916
3 145409857 SNP_598 3 145421660 SNP_599 0.205849
13 95217010 SNP_599 13 95284980 SNP_600 0.253766
1 117767918 SNP_600 1 117771515 SNP_601 0.209309
12 111884608 SNP_601 12 112072424 SNP_602 0.732866
6 159562823 SNP_602 6 159599952 SNP_603 0.617178
10 123838687 SNP_603 10 123853004 SNP_604 0.509758
5 6604787 SNP_604 5 6637380 SNP_605 0.235591
2 225473789 SNP_605 2 225684166 SNP_606 0.283063
18 61825999 SNP_606 18 61826179 SNP_607 0.922554
22 45066035 SNP_607 22 45075738 SNP_608 0.448619
14 71352648 SNP_608 14 71647737 SNP_609 0.222268
12 32846983 SNP_609 12 32875406 SNP_610 0.994944
10 36206905 SNP_610 10 36215550 SNP_611 0.218717
4 164002552 SNP_611 4 164012901 SNP_612 0.660912
9 87160754 SNP_612 9 87192476 SNP_613 0.422835
6 81215558 SNP_613 6 81341175 SNP_614 0.367842
19 38024271 SNP_614 19 38207632 SNP_615 0.352114
17 61883023 SNP_615 17 62008437 SNP_616 0.668765
4 13622986 SNP_616 4 13699931 SNP_617 0.285591
22 19899839 SNP_617 22 19907099 SNP_618 0.764383
5 95209557 SNP_618 5 95234791 SNP_619 0.420524
14 34847610 SNP_619 14 34935645 SNP_620 0.288673
2 227020653 SNP_620 2 227116365 SNP_621 0.652658
1 228287600 SNP_621 1 228383202 SNP_622 0.260711
2 73717656 SNP_622 2 73828538 SNP_623 0.470419
9 78989528 SNP_623 9 79004213 SNP_624 0.225751
3 27165174 SNP_624 3 27180835 SNP_625 0.291585
3 41068497 SNP_625 3 41137672 SNP_626 0.410942
2 105889349 SNP_626 2 105970650 SNP_627 0.482357
10 23860074 SNP_627 10 24103345 SNP_628 0.478464
21 17079346 SNP_628 21 17088977 SNP_629 0.437205
10 98258871 SNP_629 10 98347257 SNP_630 0.285032
19 35615179 SNP_630 19 35635897 SNP_631 0.20649
9 19343291 SNP_631 9 19379367 SNP_632 0.251162
9 7027194 SNP_632 9 7032776 SNP_633 0.346982
1 33408138 SNP_633 1 33444135 SNP_634 0.252949
7 68822693 SNP_634 7 68897139 SNP_635 0.318922
15 31369123 SNP_635 15 31369417 SNP_636 0.217442
16 74472696 SNP_636 16 74485788 SNP_637 0.51208
6 33282628 SNP_637 6 33416111 SNP_638 0.228915
6 28370246 SNP_638 6 28382262 SNP_639 0.960397
19 39674034 SNP_639 19 39697974 SNP_640 0.241912
1 115142443 SNP_640 1 115168097 SNP_641 0.475328
3 50684811 SNP_641 3 50998816 SNP_642 0.918226
5 96350710 SNP_642 5 96417188 SNP_643 0.214084
1 91965850 SNP_643 1 92021705 SNP_644 0.407005
11 76691264 SNP_644 11 76739223 SNP_645 0.289692
20 139456 SNP_645 20 169701 SNP_646 0.435996
9 95921416 SNP_646 9 96021312 SNP_647 0.387908
12 56918834 SNP_647 12 56938383 SNP_648 0.313159
2 168954776 SNP_648 2 168956022 SNP_649 0.436404
2 133541575 SNP_649 2 133608004 SNP_650 0.592936
19 38861333 SNP_650 19 38912764 SNP_651 0.348056
1 180000542 SNP_651 1 180119544 SNP_652 0.406143
13 76478134 SNP_652 13 76481162 SNP_653 0.258271
3 71434538 SNP_653 3 71460150 SNP_654 0.414428
10 117271895 SNP_654 10 117320520 SNP_655 0.267458
5 176018090 SNP_655 5 176062250 SNP_656 0.217875
1 212634970 SNP_656 1 212712808 SNP_657 0.410971
1 29001893 SNP_657 1 29161825 SNP_658 0.214149
17 27944089 SNP_658 17 27959903 SNP_659 0.454699
6 28366262 SNP_659 6 28370246 SNP_660 0.219838
6 32806786 SNP_660 6 32811383 SNP_661 0.981523
14 50563262 SNP_661 14 50699868 SNP_662 0.399868
2 79418487 SNP_662 2 79451571 SNP_663 0.426832
14 100787564 SNP_663 14 100844368 SNP_664 0.331664
7 149516881 SNP_664 7 149522366 SNP_665 0.407884
6 117724462 SNP_665 6 117725448 SNP_666 0.20185
7 82496242 SNP_666 7 82561324 SNP_667 0.479373
16 31095171 SNP_667 16 31107689 SNP_668 0.370881
10 94832128 SNP_668 10 94839642 SNP_669 0.220296
2 152117957 SNP_669 2 152195934 SNP_670 0.269183
2 224473767 SNP_670 2 224480259 SNP_671 0.372514
2 32959024 SNP_671 2 33108011 SNP_672 0.239065
16 11177801 SNP_672 16 11238783 SNP_673 0.377584
16 90024202 SNP_673 16 90050880 SNP_674 0.226528
21 31587793 SNP_674 21 31646807 SNP_675 0.223299
5 2968466 SNP_675 5 2973712 SNP_676 0.738202
4 29364941 SNP_676 4 29395383 SNP_677 0.49378
15 99670518 SNP_677 15 99694365 SNP_678 0.90817
5 156932376 SNP_678 5 156943285 SNP_679 0.74113
1 115236057 SNP_679 1 115289295 SNP_680 0.216733
13 35235169 SNP_680 13 35246093 SNP_681 0.859524
2 101656726 SNP_681 2 101741241 SNP_682 0.237441
17 7484812 SNP_682 17 7490810 SNP_683 0.248411
6 117683821 SNP_683 6 117725448 SNP_684 0.520544
12 423827 SNP_684 12 428131 SNP_685 0.970312
2 20678570 SNP_685 2 20679101 SNP_686 0.75517
2 18450613 SNP_686 2 18497349 SNP_687 0.509665
5 106909060 SNP_687 5 106914655 SNP_688 0.448763
17 77040991 SNP_688 17 77081788 SNP_689 0.364984
7 22098381 SNP_689 7 22104664 SNP_690 0.47137
13 101807537 SNP_690 13 101848104 SNP_691 0.27329
19 10830281 SNP_691 19 10987013 SNP_692 0.34399
2 120821618 SNP_692 2 121069922 SNP_693 0.226311
15 32040133 SNP_693 15 32113313 SNP_694 0.522988
9 28879500 SNP_694 9 28988613 SNP_695 0.312923
7 123214835 SNP_695 7 123383461 SNP_696 0.306018
1 183614282 SNP_696 1 183616781 SNP_697 0.999322
11 12315186 SNP_697 11 12337522 SNP_698 0.254797
12 133777645 SNP_698 12 133778796 SNP_699 0.992213
12 76104713 SNP_699 12 76113785 SNP_700 0.256382
6 28048624 SNP_700 6 28054198 SNP_701 0.20293
1 241161151 SNP_701 1 241164670 SNP_702 0.346387
9 117186712 SNP_702 9 117203961 SNP_703 0.425151
6 148829910 SNP_703 6 148834532 SNP_704 0.362882
6 26207928 SNP_704 6 26219384 SNP_705 0.909126
10 75089377 SNP_705 10 75089778 SNP_706 1
9 136581419 SNP_706 9 136596750 SNP_707 0.360664
3 8945081 SNP_707 3 9013079 SNP_708 0.818138
2 186272255 SNP_708 2 186664963 SNP_709 0.326957
1 207049831 SNP_709 1 207074905 SNP_710 0.894775
14 81368817 SNP_710 14 81451229 SNP_711 0.393609
1 66152889 SNP_711 1 66169679 SNP_712 0.316537
11 60034429 SNP_712 11 60102507 SNP_713 0.266919
10 70019371 SNP_713 10 70047439 SNP_714 0.628795
5 141445980 SNP_714 5 141467856 SNP_715 0.25484
7 10713431 SNP_715 7 10824775 SNP_716 0.232162
6 25862466 SNP_716 6 25874423 SNP_717 0.336846
11 26264947 SNP_717 11 26303605 SNP_718 0.289383
21 28208904 SNP_718 21 28209494 SNP_719 0.580446
11 65733289 SNP_719 11 65747057 SNP_720 0.376235
19 4769740 SNP_720 19 4783024 SNP_721 0.556871
12 98219791 SNP_721 12 98236224 SNP_722 0.878909
2 135221136 SNP_722 2 135259131 SNP_723 0.399836
9 121451886 SNP_723 9 121468282 SNP_724 0.236555
20 35619766 SNP_724 20 35766337 SNP_725 0.452941
18 77702025 SNP_725 18 77818414 SNP_726 0.327616
17 6671032 SNP_726 17 6704479 SNP_727 0.278928
6 32788712 SNP_727 6 32791299 SNP_728 0.520852
18 5539738 SNP_728 18 5555731 SNP_729 0.32334
2 216256981 SNP_729 2 216285375 SNP_730 0.533259
6 32818678 SNP_730 6 32823257 SNP_731 0.21736
9 137518299 SNP_731 9 137518733 SNP_732 0.448507
10 28769698 SNP_732 10 28793239 SNP_733 0.235879
3 139178853 SNP_733 3 139257603 SNP_734 0.235106
4 12803879 SNP_734 4 12886272 SNP_735 0.3169
5 41004807 SNP_735 5 41040331 SNP_736 0.221482
4 95680865 SNP_736 4 95687075 SNP_737 0.404477
8 24913391 SNP_737 8 24967124 SNP_738 0.312684
6 27422493 SNP_738 6 27440004 SNP_739 0.597256
15 64195769 SNP_739 15 64323391 SNP_740 0.275147
22 46719054 SNP_740 22 46763671 SNP_741 0.244319
14 57369782 SNP_741 14 57397484 SNP_742 0.358361
11 8701836 SNP_742 11 8736695 SNP_743 0.682062
4 39063614 SNP_743 4 39077904 SNP_744 0.271482
15 66359710 SNP_744 15 66368503 SNP_745 0.493589
4 155654421 SNP_745 4 155678345 SNP_746 0.2487
12 66658641 SNP_746 12 66698895 SNP_747 0.280274
10 50332930 SNP_747 10 50388598 SNP_748 0.296561
1 182446356 SNP_748 1 182542081 SNP_749 0.246854
1 185618884 SNP_749 1 185716964 SNP_750 0.612193
12 123698790 SNP_750 12 123736084 SNP_751 0.42062
8 127810194 SNP_751 8 127843901 SNP_752 0.415889
8 11349186 SNP_752 8 11359638 SNP_753 0.481438
8 37884310 SNP_753 8 37977732 SNP_754 0.402819
8 49723442 SNP_754 8 49838908 SNP_755 0.23835
16 31193942 SNP_755 16 31336719 SNP_756 0.247593
6 27979188 SNP_756 6 27985388 SNP_757 0.925134
2 143868915 SNP_757 2 143892794 SNP_758 0.291676
6 82926778 SNP_758 6 82958246 SNP_759 0.260795
14 23853629 SNP_759 14 23856896 SNP_760 0.283075
6 108335345 SNP_760 6 108387232 SNP_761 0.414634
11 102562700 SNP_761 11 102576358 SNP_762 0.665657
6 31476134 SNP_762 6 31510858 SNP_763 0.611332
16 7780973 SNP_763 16 7800226 SNP_764 0.241162
2 11164241 SNP_764 2 11220562 SNP_765 0.35153
10 133320194 SNP_765 10 133325496 SNP_766 0.625245
4 12862997 SNP_766 4 12939091 SNP_767 0.392698
10 13099421 SNP_767 10 13103202 SNP_768 0.281281
14 38926032 SNP_768 14 38976562 SNP_769 0.274488
5 40646560 SNP_769 5 40669184 SNP_770 0.475314
19 2491658 SNP_770 19 2500027 SNP_771 0.505736
14 77690207 SNP_771 14 77698337 SNP_772 0.313293
7 44612454 SNP_772 7 44714512 SNP_773 0.385651
19 51837171 SNP_773 19 51837213 SNP_774 0.99378
12 122931150 SNP_774 12 123119472 SNP_775 0.463096
20 59346576 SNP_775 20 59356370 SNP_776 0.593977
16 1901211 SNP_776 16 1905763 SNP_777 0.309964
17 39988601 SNP_777 17 40065486 SNP_778 0.388073
13 108956317 SNP_778 13 109002358 SNP_779 0.260263
5 27824645 SNP_779 5 27844812 SNP_780 0.230085
22 22517205 SNP_780 22 22533348 SNP_781 0.218336
19 48977019 SNP_781 19 49020315 SNP_782 0.699336
1 19194995 SNP_782 1 19198895 SNP_783 0.619784
4 72121163 SNP_783 4 72138216 SNP_784 0.717278
8 55166676 SNP_784 8 55201740 SNP_785 0.417922
17 14374735 SNP_785 17 14381542 SNP_786 0.304187
1 196675680 SNP_786 1 196993339 SNP_787 0.296974
8 133265118 SNP_787 8 133291497 SNP_788 0.54024
7 150442625 SNP_788 7 150447027 SNP_789 0.363668
10 82263954 SNP_789 10 82295398 SNP_790 0.312049
12 85981757 SNP_790 12 86093380 SNP_791 0.317812
2 14274175 SNP_791 2 14291599 SNP_792 0.426487
15 75041917 SNP_792 15 75044238 SNP_793 0.7556
5 142085997 SNP_793 5 142158599 SNP_794 0.38976
22 39582668 SNP_794 22 39584437 SNP_795 0.254869
15 72922676 SNP_795 15 73024868 SNP_796 0.265466
5 142620526 SNP_796 5 142656813 SNP_797 0.306396
2 107516533 SNP_797 2 107570090 SNP_798 0.269322
4 181125964 SNP_798 4 181139421 SNP_799 0.593704
16 52624738 SNP_799 16 52635164 SNP_800 0.991164
1 204199614 SNP_800 1 204233776 SNP_801 0.575392
18 61322995 SNP_801 18 61387389 SNP_802 0.272045
19 55671374 SNP_802 19 55681925 SNP_803 0.330578
14 35661293 SNP_803 14 35700562 SNP_804 0.345455
8 106102954 SNP_804 8 106149928 SNP_805 0.417055
19 46327933 SNP_805 19 46367206 SNP_806 0.709849
10 70931474 SNP_806 10 70986610 SNP_807 0.42381
11 75556323 SNP_807 11 75650920 SNP_808 0.293116
18 71499534 SNP_808 18 71502183 SNP_809 0.259189
20 19304077 SNP_809 20 19319846 SNP_810 0.973281
8 86456195 SNP_810 8 86505353 SNP_811 0.222709
6 80366145 SNP_811 6 80382863 SNP_812 0.28773
10 64231895 SNP_812 10 64251977 SNP_813 0.681689
6 28370078 SNP_813 6 28371402 SNP_814 0.79076
20 42294613 SNP_814 20 42343111 SNP_815 0.454838
2 86586772 SNP_815 2 86683642 SNP_816 0.393415
7 24493240 SNP_816 7 24514729 SNP_817 0.384535
22 50440296 SNP_817 22 50457762 SNP_818 0.276841
17 72838649 SNP_818 17 72859709 SNP_819 0.843604
15 40284523 SNP_819 15 40382441 SNP_820 0.216257
13 24476045 SNP_820 13 24476073 SNP_821 0.480238
20 25346082 SNP_821 20 25350223 SNP_822 0.997772
3 119536718 SNP_822 3 119824037 SNP_823 0.545624
9 89029191 SNP_823 9 89041277 SNP_824 0.300986
14 42721463 SNP_824 14 42770518 SNP_825 0.818372
7 1886937 SNP_825 7 2158390 SNP_826 0.474129
17 27955761 SNP_826 17 28076217 SNP_827 0.549752
9 139279173 SNP_827 9 139368953 SNP_828 0.413167
5 55766875 SNP_828 5 55770154 SNP_829 0.495044
10 4115624 SNP_829 10 4194279 SNP_830 0.234774
3 170725542 SNP_830 3 170756985 SNP_831 0.571763
8 10575715 SNP_831 8 10579110 SNP_832 0.338849
22 38823136 SNP_832 22 38848204 SNP_833 0.718266
19 7910854 SNP_833 19 7916475 SNP_834 0.600598
19 46251768 SNP_834 19 46304585 SNP_835 0.695885
10 103319198 SNP_835 10 103369601 SNP_836 0.545446
11 65695438 SNP_836 11 65727799 SNP_837 0.758076
5 55384562 SNP_837 5 55407542 SNP_838 0.5638
14 66474352 SNP_838 14 66619054 SNP_839 0.212969
7 29171070 SNP_839 7 29184489 SNP_840 0.470712
18 29041734 SNP_840 18 29056465 SNP_841 0.756637
5 118677093 SNP_841 5 118861713 SNP_842 0.312454
6 27000236 SNP_842 6 27036456 SNP_843 0.955102
13 108325362 SNP_843 13 108326571 SNP_844 0.540765
1 16515805 SNP_844 1 16582686 SNP_845 0.491953
10 30957478 SNP_845 10 30985070 SNP_846 0.672774
2 33133316 SNP_846 2 33183606 SNP_847 0.3445
16 23797412 SNP_847 16 23903156 SNP_848 0.437566
6 27977737 SNP_848 6 27982152 SNP_849 0.515879
3 160577670 SNP_849 3 160812752 SNP_850 0.270666
17 8272767 SNP_850 17 8302505 SNP_851 0.463013
1 26779270 SNP_851 1 26884864 SNP_852 0.467733
11 35111292 SNP_852 11 35123051 SNP_853 0.661806
5 81571669 SNP_853 5 81574182 SNP_854 0.997646
19 31360379 SNP_854 19 31375761 SNP_855 0.586064
4 113092540 SNP_855 4 113220802 SNP_856 0.261483
11 109179660 SNP_856 11 109259613 SNP_857 0.340652
18 73521377 SNP_857 18 73525270 SNP_858 0.215649
6 35969768 SNP_858 6 36094188 SNP_859 0.610977
11 345595 SNP_859 11 350917 SNP_860 0.774862
11 18053545 SNP_860 11 18159254 SNP_861 0.219764
9 116814661 SNP_861 9 116816780 SNP_862 0.592984
14 55817708 SNP_862 14 55820628 SNP_863 0.938909
1 216400818 SNP_863 1 216466861 SNP_864 0.297126
4 100010010 SNP_864 4 100024883 SNP_865 0.374474
16 55717077 SNP_865 16 55730124 SNP_866 0.443341
22 21798907 SNP_866 22 21932068 SNP_867 0.221734
11 118947634 SNP_867 11 118949331 SNP_868 0.509554
12 21995555 SNP_868 12 22021195 SNP_869 0.233425
11 55736066 SNP_869 11 55839209 SNP_870 0.996455
1 2490898 SNP_870 1 2526746 SNP_871 0.497775
6 64855302 SNP_871 6 64896964 SNP_872 0.709981
14 54410919 SNP_872 14 54414132 SNP_873 0.769113
15 51502844 SNP_873 15 51529112 SNP_874 0.358486
7 127154121 SNP_874 7 127272400 SNP_875 0.232722
12 4533676 SNP_875 12 4557597 SNP_876 0.452359
12 49556303 SNP_876 12 49582692 SNP_877 0.939737
3 124646837 SNP_877 3 124648705 SNP_878 0.987621
19 39250337 SNP_878 19 39258110 SNP_879 0.505817
12 95575951 SNP_879 12 95604290 SNP_880 0.668037
17 74387284 SNP_880 17 74442413 SNP_881 0.791035
10 14990369 SNP_881 10 15008493 SNP_882 0.601037
7 152539175 SNP_882 7 152544637 SNP_883 0.479369
7 57390223 SNP_883 7 57460667 SNP_884 0.303619
10 70161633 SNP_884 10 70206476 SNP_885 0.24472
6 98975506 SNP_885 6 99011501 SNP_886 0.35017
2 233077064 SNP_886 2 233162986 SNP_887 0.474695
1 226923264 SNP_887 1 226965334 SNP_888 0.378741
21 42209398 SNP_888 21 42212555 SNP_889 0.806371
2 24413298 SNP_889 2 24432937 SNP_890 0.705561
15 39239986 SNP_890 15 39241852 SNP_891 0.256893
2 191278341 SNP_891 2 191301368 SNP_892 0.383819
3 49035885 SNP_892 3 49064110 SNP_893 0.234054
7 122679919 SNP_893 7 122809234 SNP_894 0.536529
10 2011233 SNP_894 10 2086923 SNP_895 0.312053
6 28113373 SNP_895 6 28129713 SNP_896 0.992484
16 11384829 SNP_896 16 11443424 SNP_897 0.94717
1 183765806 SNP_897 1 183785892 SNP_898 0.239166
12 20774915 SNP_898 12 20775890 SNP_899 0.645132
16 11145810 SNP_899 16 11179873 SNP_900 0.231733
14 21967916 SNP_900 14 21978293 SNP_901 0.375965
6 31083656 SNP_901 6 31084435 SNP_902 0.529059
6 147126270 SNP_902 6 147128331 SNP_903 0.35371
21 37225593 SNP_903 21 37228399 SNP_904 0.863563
6 61972502 SNP_904 6 62520127 SNP_905 0.420096
4 57797414 SNP_905 4 57910285 SNP_906 0.31587
6 28026077 SNP_906 6 28033174 SNP_907 0.9551
1 6278414 SNP_907 1 6307255 SNP_908 0.330021
1 101002833 SNP_908 1 101071668 SNP_909 0.426184
4 89853598 SNP_909 4 89869078 SNP_910 0.507655
20 49912726 SNP_910 20 49935903 SNP_911 0.253257
12 115951238 SNP_911 12 115991363 SNP_912 0.274935
12 66421294 SNP_912 12 66422374 SNP_913 0.265174
18 61137936 SNP_913 18 61160287 SNP_914 0.630034
15 91525197 SNP_914 15 91543761 SNP_915 0.374889
17 10552488 SNP_915 17 10560760 SNP_916 0.276993
10 107970003 SNP_916 10 107977868 SNP_917 0.297732
19 50404939 SNP_917 19 50411132 SNP_918 0.464849
15 75712481 SNP_918 15 75764343 SNP_919 0.2845
5 65394476 SNP_919 5 65438155 SNP_920 0.328543
7 117203417 SNP_920 7 117303243 SNP_921 0.52317
13 29176564 SNP_921 13 29256214 SNP_922 0.266135
19 8159362 SNP_922 19 8174650 SNP_923 0.56057
9 78901112 SNP_923 9 78906150 SNP_924 0.234106
1 111071958 SNP_924 1 111115450 SNP_925 0.337473
6 129311369 SNP_925 6 129439995 SNP_926 0.473747
6 27408181 SNP_926 6 27422493 SNP_927 0.960182
3 63827381 SNP_927 3 63865947 SNP_928 0.485339
11 79605008 SNP_928 11 79615053 SNP_929 0.263603
14 76045362 SNP_929 14 76045858 SNP_930 0.99739
3 128743450 SNP_930 3 128755953 SNP_931 0.400457
1 29388414 SNP_931 1 29500995 SNP_932 0.348309
9 130971586 SNP_932 9 130984755 SNP_933 0.313775
11 4928621 SNP_933 11 4945229 SNP_934 0.598797
8 123807378 SNP_934 8 123822629 SNP_935 0.386569
15 75736452 SNP_935 15 75770032 SNP_936 0.98377
15 40761549 SNP_936 15 41011738 SNP_937 0.34679
12 24435421 SNP_937 12 24480972 SNP_938 0.242184
10 78216814 SNP_938 10 78289587 SNP_939 0.474929
7 100032665 SNP_939 7 100110324 SNP_940 0.62422
14 73372969 SNP_940 14 73465003 SNP_941 0.304666
11 55622941 SNP_941 11 55702961 SNP_942 0.41609
2 106573170 SNP_942 2 106603036 SNP_943 0.302452
11 67793509 SNP_943 11 67816936 SNP_944 0.611337
16 6357060 SNP_944 16 6360774 SNP_945 0.245912
8 124460546 SNP_945 8 124461074 SNP_946 0.999854
1 61597165 SNP_946 1 61652197 SNP_947 0.417838
17 79461486 SNP_947 17 79503472 SNP_948 0.240455
2 217890643 SNP_948 2 217905832 SNP_949 0.480021
8 134562614 SNP_949 8 134565721 SNP_950 0.389078
11 86977437 SNP_950 11 87049431 SNP_951 0.453189
16 3661815 SNP_951 16 3695354 SNP_952 0.496918
2 77209245 SNP_952 2 77213103 SNP_953 0.474875
1 152331240 SNP_953 1 152391282 SNP_954 0.30278
2 41227539 SNP_954 2 41357209 SNP_955 0.778537
6 154213973 SNP_955 6 154219177 SNP_956 0.656191
6 135138990 SNP_956 6 135143748 SNP_957 0.336648
11 120198093 SNP_957 11 120334680 SNP_958 0.38594
19 54903416 SNP_958 19 54921227 SNP_959 0.64456
2 157878707 SNP_959 2 157935103 SNP_960 0.265833
12 39947308 SNP_960 12 40007956 SNP_961 0.532714
10 123109599 SNP_961 10 123130495 SNP_962 0.511593
20 2647370 SNP_962 20 2648482 SNP_963 0.465421
14 34182414 SNP_963 14 34190494 SNP_964 0.808181
2 68348687 SNP_964 2 68364478 SNP_965 0.680472
4 66324266 SNP_965 4 66447771 SNP_966 0.222164
4 147824864 SNP_966 4 147990950 SNP_967 0.206268
11 27574408 SNP_967 11 27656910 SNP_968 0.753615
9 71067802 SNP_968 9 71093220 SNP_969 0.478671
6 26553943 SNP_969 6 26555879 SNP_970 0.99793
11 70552397 SNP_970 11 70566813 SNP_971 0.410869
3 103481463 SNP_971 3 103506909 SNP_972 0.23287
11 76823484 SNP_972 11 76827992 SNP_973 0.598205
11 64697386 SNP_973 11 64713485 SNP_974 0.972945
14 94586005 SNP_974 14 94598617 SNP_975 0.351163
5 33082366 SNP_975 5 33140667 SNP_976 0.597942
6 34552797 SNP_976 6 34677103 SNP_977 0.598373
21 32487749 SNP_977 21 32492492 SNP_978 0.471007
3 38363393 SNP_978 3 38386516 SNP_979 0.363836
11 5344681 SNP_979 11 5349604 SNP_980 0.295477
2 191159232 SNP_980 2 191161622 SNP_981 0.999777
20 41470888 SNP_981 20 41478742 SNP_982 0.218771
9 103065265 SNP_982 9 103140157 SNP_983 0.969602
13 22197063 SNP_983 13 22197910 SNP_984 0.310631
7 48081095 SNP_984 7 48092601 SNP_985 0.643363
6 26122933 SNP_985 6 26125342 SNP_986 0.317031
7 122759980 SNP_986 7 122809234 SNP_987 0.226673
15 67078484 SNP_987 15 67218945 SNP_988 0.237927
2 164950456 SNP_988 2 164999883 SNP_989 0.734837
8 144312990 SNP_989 8 144393459 SNP_990 0.495975
6 27432848 SNP_990 6 27440004 SNP_991 0.995668
1 92160886 SNP_991 1 92203190 SNP_992 0.332655
9 28012962 SNP_992 9 28037611 SNP_993 0.494954
21 44949285 SNP_993 21 45107562 SNP_994 0.723068
13 101741139 SNP_994 13 101745863 SNP_995 0.208685
3 45371605 SNP_995 3 45382541 SNP_996 0.682837
4 90797301 SNP_996 4 90842840 SNP_997 0.633284
2 15902679 SNP_997 2 15904734 SNP_998 0.939978
15 59496643 SNP_998 15 59499274 SNP_999 0.81412
17 76208851 SNP_999 17 76218857 SNP_1000 0.267374
13 49463912 SNP_1000 13 49485613 SNP_1001 0.274176
