SNP CHR POS P_VALUE
SNP_1 1 1016443 0.28833335804641
SNP_2 1 1016486 0.410797024920618
SNP_3 1 1017130 0.549911475588623
SNP_4 1 1017959 0.440551378153178
SNP_5 1 1022432 0.965246874990473
SNP_6 1 1023848 0.276328845124284
SNP_7 1 1024695 0.564759634579134
SNP_8 1 1030618 0.0252853520433418
SNP_9 1 1036522 0.234704357461599
SNP_10 1 1039780 0.358282309221237
SNP_11 1 1044047 0.719367392640384
SNP_12 1 1054095 0.267080801295741
SNP_13 1 1055779 0.209060480336987
SNP_14 1 1066032 0.81163971850029
SNP_15 1 1075080 0.434419491500778
SNP_16 1 1075300 0.370261153752909
SNP_17 1 1076789 0.798470228846259
SNP_18 1 1078408 0.636422944877243
SNP_19 1 1078479 0.202178545415686
SNP_20 1 1088474 0.867210993147793
SNP_21 1 1097940 0.921662683038923
SNP_22 1 1098595 0.579475200637993
SNP_23 1 1098985 0.857108588610021
SNP_24 1 1099518 0.824317682667992
SNP_25 1 1103565 0.451019984378461
SNP_26 1 1104656 0.167888531990538
SNP_27 1 1107673 0.77163759437127
SNP_28 1 1108275 0.0724924408236286
SNP_29 1 1110033 0.907911143783901
SNP_30 1 1114064 0.376504446658748
SNP_31 1 1116325 0.0822816807999834
SNP_32 1 1119765 0.836732297754972
SNP_33 1 1120798 0.73447459362061
SNP_34 1 1126003 0.860504790752551
SNP_35 1 1146773 0.0851232467801985
SNP_36 1 1148544 0.630493229104595
SNP_37 1 1150492 0.332609953701233
SNP_38 1 1153035 0.191655536991896
SNP_39 1 1153285 0.933181300263386
SNP_40 1 1154844 0.125353629270392
SNP_41 1 1156540 0.756678293620287
SNP_42 1 1160414 0.851487134500125
SNP_43 1 1161900 0.962474119090575
SNP_44 1 1168270 0.000459181466272567
SNP_45 1 1180338 0.730807835895342
SNP_46 1 1181413 0.7342567983311
SNP_47 1 1189574 0.828779385179037
SNP_48 1 1189929 0.343280388548644
SNP_49 1 1191799 0.00588428656844189
SNP_50 1 1198451 0.108339159033373
SNP_51 1 1199695 0.0827222222403018
SNP_52 1 1203445 0.784440178497792
SNP_53 1 1216740 0.609382612643952
SNP_54 1 1222557 0.682315492905241
SNP_55 1 1225904 0.0129064411785197
SNP_56 1 1233531 0.362104047717645
SNP_57 1 1235190 0.366438335398773
SNP_58 1 1239319 0.507093606605218
SNP_59 1 1240206 0.266315664820692
SNP_60 1 1259276 0.378680690361189
SNP_61 1 1266225 0.676673100312117
SNP_62 1 1266578 0.999421070996919
SNP_63 1 1267443 0.511160342421704
SNP_64 1 1272911 0.703782705954073
SNP_65 1 1275857 0.827656969696006
SNP_66 1 1280947 0.871226486246011
SNP_67 1 1284585 0.254741301978342
SNP_68 1 1284627 0.256274545817743
SNP_69 1 1286538 0.535236701516269
SNP_70 1 1292019 0.467873599353114
SNP_71 1 1301400 0.104795397987911
SNP_72 1 1309124 0.456109598080742
SNP_73 1 1318287 0.737926549530018
SNP_74 1 1320710 0.718721013041518
SNP_75 1 1323601 0.113048749428031
SNP_76 1 1332747 0.426467846907848
SNP_77 1 1337568 0.766090230422227
SNP_78 1 1346741 0.683335566606806
SNP_79 1 1351466 0.996172466639651
SNP_80 1 1353554 0.278286962921007
SNP_81 1 1356111 0.484058726283389
SNP_82 1 1360846 0.454028830285575
SNP_83 1 1363482 0.718738141755022
SNP_84 1 1369886 0.843633205390035
SNP_85 1 1375479 0.884181907493374
SNP_86 1 1375967 0.0805614723309339
SNP_87 1 1380641 0.689669743812713
SNP_88 1 1399230 0.703822473030335
SNP_89 1 1402033 0.90333624759644
SNP_90 1 1402213 0.0192213415968861
SNP_91 1 1404028 0.169970122600971
SNP_92 1 1405302 0.968726208948654
SNP_93 1 1405804 0.0331746854927205
SNP_94 1 1407773 0.95855928209682
SNP_95 1 1410428 0.708367250546922
SNP_96 1 1417183 0.137931490999365
SNP_97 1 1431518 0.445923815394961
SNP_98 1 1433707 0.677632909198194
SNP_99 1 1434649 0.33020279786048
SNP_100 1 1439899 0.51433239911525
SNP_101 1 1446118 0.571417597508547
SNP_102 1 1453268 0.980525284409763
SNP_103 1 1472171 0.142581334155879
SNP_104 1 1473310 0.634572846613284
SNP_105 1 1476227 0.127683819753425
SNP_106 1 1476545 0.634312967372946
SNP_107 1 1478470 0.863790010156347
SNP_108 1 1480384 0.917761593160219
SNP_109 1 1513634 0.872812969073656
SNP_110 1 1517308 0.880089225289426
SNP_111 1 1517413 0.41831978834809
SNP_112 1 1520673 0.468212334284263
SNP_113 1 1526922 0.898673202608789
SNP_114 1 1527841 0.742400299043755
SNP_115 1 1533885 0.755770612898562
SNP_116 1 1538779 0.745678209733905
SNP_117 1 1538959 0.600171023676055
SNP_118 1 1544927 0.745022994067643
SNP_119 1 1547742 0.0383069929231866
SNP_120 1 1567312 0.489615555634764
SNP_121 1 1568881 0.872747524992293
SNP_122 1 1573530 0.256878366496018
SNP_123 1 1577130 0.950329392067553
SNP_124 1 1578783 0.523324951120231
SNP_125 1 1582087 0.580067479783848
SNP_126 1 1590353 0.772916907268134
SNP_127 1 1598057 0.461093746609706
SNP_128 1 1599892 0.312584353511327
SNP_129 1 1606641 0.554419590794535
SNP_130 1 1612583 0.656522416602215
SNP_131 1 1612896 0.539158712183249
SNP_132 1 1615803 0.559430702239387
SNP_133 1 1625087 0.0816398215628602
SNP_134 1 1626801 0.370419327764395
SNP_135 1 1627346 0.213065638884772
SNP_136 1 1632073 0.824282357955987
SNP_137 1 1633547 0.888495187541265
SNP_138 1 1654617 0.985463665411123
SNP_139 1 1656836 0.466589218715138
SNP_140 1 1659720 0.893807931328246
SNP_141 1 1661367 0.382634923768528
SNP_142 1 1661798 0.313451972628972
SNP_143 1 1662392 0.748164717189781
SNP_144 1 1665512 0.467703884740521
SNP_145 1 1666954 0.893610755314343
SNP_146 1 1671844 0.406427127079971
SNP_147 1 1671854 0.205739622368617
SNP_148 1 1673906 0.288270493702781
SNP_149 1 1673995 0.525092783689871
SNP_150 1 1683363 0.821520466756597
SNP_151 1 1691080 0.274511338167908
SNP_152 1 1696317 0.41145845966401
SNP_153 1 1699043 0.608185050425173
SNP_154 1 1701321 0.768732350079636
SNP_155 1 1701961 0.93407480406899
SNP_156 1 1702699 0.000255575199956074
SNP_157 1 1706417 0.891149904840332
SNP_158 1 1712245 0.609939270920185
SNP_159 1 1715114 0.601764069468253
SNP_160 1 1719703 0.810768358530102
SNP_161 1 1734700 0.452665478473944
SNP_162 1 1741151 0.245255450102442
SNP_163 1 1746733 0.28871064259456
SNP_164 1 1747461 0.103213746347809
SNP_165 1 1751039 0.0247128281472158
SNP_166 1 1751865 0.852945389694204
SNP_167 1 1752652 0.149927022336398
SNP_168 1 1758158 0.0652577172212349
SNP_169 1 1760094 0.577195968357027
SNP_170 1 1784535 0.0700078975074203
SNP_171 1 1786510 0.0743995997197996
SNP_172 1 1790487 0.197384509122365
SNP_173 1 1806676 0.675849611706191
SNP_174 1 1809629 0.11076083008979
SNP_175 1 1810971 0.68831475496134
SNP_176 1 1812325 0.582031686041018
SNP_177 1 1812543 0.215043670254478
SNP_178 1 1814111 0.813750333022857
SNP_179 1 1814234 0.594918751921763
SNP_180 1 1818394 0.875005786194068
SNP_181 1 1820643 0.731265628982515
SNP_182 1 1824996 0.988572422604919
SNP_183 1 1828740 0.124546812801643
SNP_184 1 1836648 0.121461275342908
SNP_185 1 1840619 0.0260966639612033
SNP_186 1 1849725 0.942904582771943
SNP_187 1 1851806 0.752541367982887
SNP_188 1 1860446 0.470899566756054
SNP_189 1 1860786 0.885837302845796
SNP_190 1 1861071 0.935291657743494
SNP_191 1 1866061 0.978709695725876
SNP_192 1 1866682 0.0106530032481253
SNP_193 1 1868748 0.675278522265316
SNP_194 1 1870449 0.173271195750416
SNP_195 1 1872446 0.0637640846959525
SNP_196 1 1873333 0.923450263640615
SNP_197 1 1875766 0.136648644932816
SNP_198 1 1876520 0.496241157756627
SNP_199 1 1876941 0.320953232731724
SNP_200 1 1879323 0.800671837563859
SNP_201 2 1882258 0.792827859535967
SNP_202 2 1888729 0.219655031081375
SNP_203 2 1891949 0.626175193771191
SNP_204 2 1892243 0.203110370433712
SNP_205 2 1895404 0.426854868336145
SNP_206 2 1899170 0.428630741398828
SNP_207 2 1906644 0.174995427725583
SNP_208 2 1907153 0.347933201430321
SNP_209 2 1915947 0.765840892949523
SNP_210 2 1920696 0.674138335928288
SNP_211 2 1927817 0.811289842967079
SNP_212 2 1931967 0.536076531410336
SNP_213 2 1935874 0.836233122461515
SNP_214 2 1938037 0.696267083371032
SNP_215 2 1942878 0.0887029821286653
SNP_216 2 1944186 0.226716647064136
SNP_217 2 1944373 0.811459126148804
SNP_218 2 1945039 0.0179059219177067
SNP_219 2 1955809 0.10215550649748
SNP_220 2 1967307 0.39121843833254
SNP_221 2 1972880 0.663005706374403
SNP_222 2 1976769 0.679344284859444
SNP_223 2 1995696 0.879800436455656
SNP_224 2 2000524 0.59684460506903
SNP_225 2 2003078 0.256013508955021
SNP_226 2 2004654 0.226178874423874
SNP_227 2 2007240 0.815224029856466
SNP_228 2 2011970 0.256220595073339
SNP_229 2 2016988 0.34167486641834
SNP_230 2 2017052 0.602667994436424
SNP_231 2 2025100 0.623152188410079
SNP_232 2 2030981 0.218779665300022
SNP_233 2 2041646 0.988004385776087
SNP_234 2 2047450 0.290210695360638
SNP_235 2 2048212 0.469268179262541
SNP_236 2 2048241 0.481082531753562
SNP_237 2 2051242 0.220835620581622
SNP_238 2 2066570 0.908442062191388
SNP_239 2 2066637 0.340562882109494
SNP_240 2 2067479 0.507186471808592
SNP_241 2 2070889 0.342457911116092
SNP_242 2 2073337 0.468371132508463
SNP_243 2 2076354 0.778195522382166
SNP_244 2 2079635 0.351740491067136
SNP_245 2 2079697 0.117128494992293
SNP_246 2 2079790 0.90222873335842
SNP_247 2 2081537 0.264235010645744
SNP_248 2 2087692 0.283543177157163
SNP_249 2 2088334 0.791096764014892
SNP_250 2 2091109 0.163348572855936
SNP_251 2 2095543 0.551421093873209
SNP_252 2 2100586 0.138874545327041
SNP_253 2 2103475 0.99331331606809
SNP_254 2 2113741 0.758983247376564
SNP_255 2 2117403 0.597194340905251
SNP_256 2 2125601 0.094653272241056
SNP_257 2 2127038 0.248781431213603
SNP_258 2 2128167 0.114019953397517
SNP_259 2 2131792 0.164969400886863
SNP_260 2 2138075 0.140125757243212
SNP_261 2 2139838 0.896521783526987
SNP_262 2 2144601 0.949615909485577
SNP_263 2 2146561 0.217211160077918
SNP_264 2 2153271 0.827071766202655
SNP_265 2 2162923 0.560506066845138
SNP_266 2 2164278 0.943711846503886
SNP_267 2 2166610 0.261734106483816
SNP_268 2 2173295 0.302268227481078
SNP_269 2 2178470 0.881695142995038
SNP_270 2 2180858 0.465463007664911
SNP_271 2 2184136 0.753837709942735
SNP_272 2 2190047 0.391405199470241
SNP_273 2 2192144 0.53929976865699
SNP_274 2 2194971 0.628181617855469
SNP_275 2 2196258 0.929807415180539
SNP_276 2 2200217 0.7495406405663
SNP_277 2 2204168 0.0597617985510943
SNP_278 2 2206635 0.841980127145008
SNP_279 2 2209217 0.44801926301541
SNP_280 2 2212794 0.973245560449064
SNP_281 2 2214801 0.094423354745307
SNP_282 2 2215558 0.648160310124683
SNP_283 2 2228711 0.592187854129227
SNP_284 2 2228862 0.314415758921159
SNP_285 2 2231061 0.809030287938355
SNP_286 2 2235973 0.222788076226544
SNP_287 2 2240687 0.640561362711317
SNP_288 2 2241804 0.499678183317485
SNP_289 2 2243221 0.19546358401922
SNP_290 2 2252481 0.970435754579345
SNP_291 2 2258481 0.368785788471592
SNP_292 2 2261219 0.691245613161602
SNP_293 2 2265245 0.289884598117617
SNP_294 2 2270709 0.00879392852129648
SNP_295 2 2271023 0.32849944220338
SNP_296 2 2273600 0.151159256649413
SNP_297 2 2274673 0.41823491357967
SNP_298 2 2277753 0.0733683989202161
SNP_299 2 2279899 0.76735249167176
SNP_300 2 2284189 0.816405701542723
SNP_301 2 2284551 0.153196875537038
SNP_302 2 2286497 0.299691776351528
SNP_303 2 2288066 0.324660868822802
SNP_304 2 2290142 0.24426917701873
SNP_305 2 2291530 0.922166294410273
SNP_306 2 2291860 0.867023220371061
SNP_307 2 2294430 0.791800426597011
SNP_308 2 2295578 0.113978048026008
SNP_309 2 2297666 0.796630631604979
SNP_310 2 2298323 0.855597055312542
SNP_311 2 2298619 0.906444509098753
SNP_312 2 2302490 0.606760778386346
SNP_313 2 2312900 0.60908079962705
SNP_314 2 2313343 0.516712742912865
SNP_315 2 2318616 0.825273797500017
SNP_316 2 2320885 0.929276539147806
SNP_317 2 2321494 0.295954358259321
SNP_318 2 2326494 0.204667668232028
SNP_319 2 2338120 0.127384396020696
SNP_320 2 2340464 0.142712752701507
SNP_321 2 2345644 0.170753366134104
SNP_322 2 2358137 0.738972642959964
SNP_323 2 2364634 0.216482534807969
SNP_324 2 2369038 0.912866103325456
SNP_325 2 2376705 0.0579621772330743
SNP_326 2 2378840 0.74886456255167
SNP_327 2 2379255 0.850910834594381
SNP_328 2 2385907 0.116152973221699
SNP_329 2 2394443 0.24535039492833
SNP_330 2 2396960 0.28835457406099
SNP_331 2 2397432 0.0385285318591795
SNP_332 2 2397695 0.955176710422356
SNP_333 2 2398468 0.139374506183234
SNP_334 2 2398570 0.782639921092815
SNP_335 2 2404839 0.121956634813105
SNP_336 2 2412439 0.516299935748642
SNP_337 2 2412472 0.0278798697188497
SNP_338 2 2414471 0.374082916230634
SNP_339 2 2415051 0.666485769783696
SNP_340 2 2420157 0.519538106370615
SNP_341 2 2424138 0.591447693846051
SNP_342 2 2432752 0.0473817780265212
SNP_343 2 2435620 0.0379353563243104
SNP_344 2 2440644 0.768376506691047
SNP_345 2 2446940 0.946248873047626
SNP_346 2 2447018 0.955529905854515
SNP_347 2 2447025 0.247545421356626
SNP_348 2 2456439 0.125938953135982
SNP_349 2 2459710 0.309999386453314
SNP_350 2 2467200 0.664287734747908
SNP_351 2 2467574 0.318516898613663
SNP_352 2 2474379 0.7362030390898
SNP_353 2 2475577 0.00503437590680551
SNP_354 2 2481838 0.144969358959617
SNP_355 2 2493635 0.623791130774068
SNP_356 2 2496103 0.957132173510627
SNP_357 2 2497493 0.419889933612847
SNP_358 2 2509465 0.558859985789473
SNP_359 2 2510629 0.368609436389385
SNP_360 2 2512011 0.644602103479223
SNP_361 2 2522689 0.758864357555413
SNP_362 2 2526071 0.0287422304089926
SNP_363 2 2527357 0.623370436317835
SNP_364 2 2527362 0.758131738581371
SNP_365 2 2532365 0.258900051079397
SNP_366 2 2534326 0.909968027351995
SNP_367 2 2536813 0.375444821479942
SNP_368 2 2537090 0.650597247733737
SNP_369 2 2537862 0.0553590663301037
SNP_370 2 2546385 0.0938186516477168
SNP_371 2 2552501 0.997765441419212
SNP_372 2 2552765 0.350305205783336
SNP_373 2 2555797 0.144182550824976
SNP_374 2 2564968 0.146199668713778
SNP_375 2 2568667 0.238387876962945
SNP_376 2 2575501 0.18313806580933
SNP_377 2 2577201 0.949254581127535
SNP_378 2 2580858 0.945285811317156
SNP_379 2 2587373 0.631786812281734
SNP_380 2 2588101 0.634444760073677
SNP_381 2 2592275 0.0915552128098649
SNP_382 2 2593284 0.623316528413841
SNP_383 2 2598890 0.689121252920953
SNP_384 2 2601004 0.0896654811130976
SNP_385 2 2601804 0.26248394148198
SNP_386 2 2602881 0.368364292853125
SNP_387 2 2618422 0.403085608159725
SNP_388 2 2618614 0.44951488063491
SNP_389 2 2623616 0.817887275889553
SNP_390 2 2624554 0.115568908491638
SNP_391 2 2626210 0.156540647071234
SNP_392 2 2631096 0.738297558190927
SNP_393 2 2631265 0.187309425124773
SNP_394 2 2640460 0.156271606735173
SNP_395 2 2642865 0.522801483684492
SNP_396 2 2644484 0.499729744079232
SNP_397 2 2645640 0.0980176486155041
SNP_398 2 2655771 0.178444831370998
SNP_399 2 2660003 0.489405887916086
SNP_400 2 2664479 0.882895304276301
SNP_401 3 2665661 0.0597875379541842
SNP_402 3 2668428 0.4169683096164
SNP_403 3 2677605 0.220347463422532
SNP_404 3 2682984 0.175810573627313
SNP_405 3 2689253 0.974824456566053
SNP_406 3 2696234 0.45858896422653
SNP_407 3 2699201 0.714728722216238
SNP_408 3 2703095 0.83547950493454
SNP_409 3 2705998 0.439296253091511
SNP_410 3 2710709 0.657137871478579
SNP_411 3 2717318 0.123122737968399
SNP_412 3 2722865 0.415486577877628
SNP_413 3 2733112 0.78657838154593
SNP_414 3 2744394 0.354485958557162
SNP_415 3 2745320 0.14325123709793
SNP_416 3 2745383 0.515946236010352
SNP_417 3 2751074 0.303880476952726
SNP_418 3 2751521 0.807757916352057
SNP_419 3 2755196 0.14324076378182
SNP_420 3 2757582 0.431698612310651
SNP_421 3 2758199 0.26006242013417
SNP_422 3 2768952 0.0959466181661421
SNP_423 3 2775323 0.793156136983333
SNP_424 3 2780112 0.884001005945886
SNP_425 3 2780735 0.264645441797008
SNP_426 3 2783689 0.258766042085933
SNP_427 3 2787907 0.932028654817548
SNP_428 3 2795679 0.739430337793587
SNP_429 3 2795940 0.59245328166832
SNP_430 3 2796253 0.686507012824509
SNP_431 3 2801065 0.496893554570475
SNP_432 3 2803447 0.123333485311975
SNP_433 3 2803924 0.0942779895507614
SNP_434 3 2810696 0.89007450717296
SNP_435 3 2811767 0.631336642459263
SNP_436 3 2813798 0.49228992457496
SNP_437 3 2815029 0.462890681321796
SNP_438 3 2815567 0.281352493442604
SNP_439 3 2818689 0.741055939503463
SNP_440 3 2823816 0.352529983945082
SNP_441 3 2830899 0.166198188875155
SNP_442 3 2848251 0.200190519890543
SNP_443 3 2854246 0.953637565083646
SNP_444 3 2864427 0.92233536851217
SNP_445 3 2875586 0.639572765535361
SNP_446 3 2877992 0.464545923938842
SNP_447 3 2878686 0.173565973161284
SNP_448 3 2883420 0.655220175936997
SNP_449 3 2883714 0.523750135437697
SNP_450 3 2889909 0.820712807682175
SNP_451 3 2890440 0.539295143522506
SNP_452 3 2899255 0.637254566641881
SNP_453 3 2910820 0.627202108899974
SNP_454 3 2911182 0.0277707395950216
SNP_455 3 2914547 0.078597246283358
SNP_456 3 2927939 0.708782039545765
SNP_457 3 2929477 0.802417771699128
SNP_458 3 2939692 0.279570958926606
SNP_459 3 2946619 0.173387944948035
SNP_460 3 2953384 0.0967637491620891
SNP_461 3 2953734 0.301971474056297
SNP_462 3 2959728 0.205407457154042
SNP_463 3 2961769 0.70009448564904
SNP_464 3 2966583 0.315584934711731
SNP_465 3 2970025 0.33622928080624
SNP_466 3 2972129 0.229389199012159
SNP_467 3 2974206 0.430976921599247
SNP_468 3 2987393 0.424810595680925
SNP_469 3 2994483 0.198066409940333
SNP_470 3 2995994 0.928920696224873
SNP_471 3 2996707 0.20245298783432
SNP_472 3 3001295 0.967767629861738
SNP_473 3 3011893 0.727262872291631
SNP_474 3 3019378 0.0612142542246659
SNP_475 3 3022536 0.835331088524922
SNP_476 3 3029947 0.345199752770762
SNP_477 3 3030898 0.123897967783746
SNP_478 3 3036349 0.367181067969177
SNP_479 3 3041668 0.237683358503939
SNP_480 3 3051428 0.396211905349169
SNP_481 3 3055810 0.257786800417344
SNP_482 3 3061981 0.641329430727684
SNP_483 3 3064077 0.0445451745490194
SNP_484 3 3066657 0.734180899094236
SNP_485 3 3077256 0.414262747036999
SNP_486 3 3079819 0.306915333042261
SNP_487 3 3085215 0.594724268800155
SNP_488 3 3108451 0.0517677645365871
SNP_489 3 3110037 0.481697554500573
SNP_490 3 3114423 0.581472655477079
SNP_491 3 3117129 0.373535473764779
SNP_492 3 3123022 0.806264309205061
SNP_493 3 3124102 0.739230502647494
SNP_494 3 3129968 0.179630643676014
SNP_495 3 3133884 0.996921276960399
SNP_496 3 3146936 0.772514628600331
SNP_497 3 3148839 0.0101159945175657
SNP_498 3 3159309 0.289123446964843
SNP_499 3 3161129 0.0395674406729708
SNP_500 3 3167073 0.16899981478767
SNP_501 3 3169588 0.604975722342078
SNP_502 3 3174392 0.133975637572608
SNP_503 3 3176023 0.930869606593037
SNP_504 3 3176848 0.880924487557602
SNP_505 3 3179952 0.0594958057048521
SNP_506 3 3181087 0.748735722113978
SNP_507 3 3181946 0.458578000108332
SNP_508 3 3186732 0.535971713266908
SNP_509 3 3197931 0.891594200171579
SNP_510 3 3202045 0.85373150050804
SNP_511 3 3202134 0.812018902229008
SNP_512 3 3218062 0.183520631602157
SNP_513 3 3219898 0.543518419827018
SNP_514 3 3235416 0.942635357570199
SNP_515 3 3239776 0.515295612649783
SNP_516 3 3258055 0.0329573404931719
SNP_517 3 3259436 0.730232240295252
SNP_518 3 3263946 0.129585474355393
SNP_519 3 3270516 0.414700889647184
SNP_520 3 3270783 0.614346029208405
SNP_521 3 3274556 0.950888229849646
SNP_522 3 3274817 0.0757298980596429
SNP_523 3 3293936 0.288597598626751
SNP_524 3 3301559 0.360937073784452
SNP_525 3 3305621 0.249657087797523
SNP_526 3 3306196 0.796127355506404
SNP_527 3 3307410 0.828474118852562
SNP_528 3 3308582 0.397593719514895
SNP_529 3 3310059 0.659266199579379
SNP_530 3 3321943 0.301487435397278
SNP_531 3 3325582 0.903849533915606
SNP_532 3 3326337 0.987078322793208
SNP_533 3 3327359 0.0170532119612349
SNP_534 3 3336795 0.853949861570357
SNP_535 3 3337490 0.443774843105925
SNP_536 3 3343561 0.125701798637707
SNP_537 3 3349017 0.342712031580878
SNP_538 3 3355992 0.118245758916019
SNP_539 3 3369730 0.354630577536956
SNP_540 3 3370907 0.916047543465768
SNP_541 3 3382462 0.848731696137495
SNP_542 3 3383069 0.429878622938776
SNP_543 3 3384674 0.0801941938124644
SNP_544 3 3393155 0.827401757964906
SNP_545 3 3393726 0.550756017694965
SNP_546 3 3396580 0.792022539687629
SNP_547 3 3400329 0.872889218717134
SNP_548 3 3402044 0.920131840125111
SNP_549 3 3420455 0.758708561186683
SNP_550 3 3422279 0.507638509146981
SNP_551 3 3424740 0.0342489118008385
SNP_552 3 3425114 0.432801474638931
SNP_553 3 3430211 0.303787653658448
SNP_554 3 3436261 0.500786024912116
SNP_555 3 3438064 0.163994039302149
SNP_556 3 3442963 0.772658869699771
SNP_557 3 3444260 0.17735409357724
SNP_558 3 3451114 0.856421471506476
SNP_559 3 3455237 0.192903477670236
SNP_560 3 3467020 0.442976109504972
SNP_561 3 3483125 0.76290834185458
SNP_562 3 3488755 0.586291955970898
SNP_563 3 3489739 0.148238348832864
SNP_564 3 3490406 0.753056272458844
SNP_565 3 3491383 0.788032530579839
SNP_566 3 3491751 0.0492432657860103
SNP_567 3 3492867 0.511201482952197
SNP_568 3 3497403 0.682849005951474
SNP_569 3 3499578 0.115591724036743
SNP_570 3 3499964 0.566445586319661
SNP_571 3 3503240 0.597734174308933
SNP_572 3 3505679 0.101744512600177
SNP_573 3 3507335 0.872567739623748
SNP_574 3 3510803 0.868592509991759
SNP_575 3 3516767 0.640221312998671
SNP_576 3 3519399 0.951768979552963
SNP_577 3 3520157 0.83299139748248
SNP_578 3 3521343 0.26819479328315
SNP_579 3 3529905 0.647357099468054
SNP_580 3 3531525 0.312279504878849
SNP_581 3 3542685 0.550989292342193
SNP_582 3 3543014 0.664920412400416
SNP_583 3 3544148 0.0159977565047285
SNP_584 3 3551852 0.290712355165049
SNP_585 3 3552358 0.843212427115608
SNP_586 3 3552966 0.319988654590435
SNP_587 3 3554420 0.0597219858404831
SNP_588 3 3555869 0.476781105460862
SNP_589 3 3561490 0.0845974925047462
SNP_590 3 3565284 0.741288776899115
SNP_591 3 3571184 0.685843774360158
SNP_592 3 3572452 0.253334164473726
SNP_593 3 3578166 0.662474867361372
SNP_594 3 3578612 0.205002969411183
SNP_595 3 3581251 0.628957332652197
SNP_596 3 3583234 0.514104506760188
SNP_597 3 3588217 0.953788951218426
SNP_598 3 3597689 0.511307529264989
SNP_599 3 3601636 0.830396059785646
SNP_600 3 3604325 0.380008924678017
SNP_601 4 3604345 0.274066362512324
SNP_602 4 3606888 0.956083492659612
SNP_603 4 3609678 0.137544794133739
SNP_604 4 3616424 0.754663341966132
SNP_605 4 3617330 0.93701801683815
SNP_606 4 3626698 0.161750397623123
SNP_607 4 3628261 0.394160592664178
SNP_608 4 3630260 0.271359724033277
SNP_609 4 3635401 0.491595524601711
SNP_610 4 3635553 0.448373208387573
SNP_611 4 3635657 0.888605289490481
SNP_612 4 3639836 0.376048901063304
SNP_613 4 3639847 0.346328326329906
SNP_614 4 3653281 0.832002912064115
SNP_615 4 3657333 0.335971115415131
SNP_616 4 3657961 0.0979269612881914
SNP_617 4 3660941 0.22085747524427
SNP_618 4 3667335 0.101584966065772
SNP_619 4 3682875 0.774463428607874
SNP_620 4 3683963 0.932173168326116
SNP_621 4 3685377 0.195808047691069
SNP_622 4 3685652 0.970609834257194
SNP_623 4 3694178 0.0156660636988049
SNP_624 4 3694971 0.655052737686844
SNP_625 4 3696726 0.142442933787559
SNP_626 4 3699083 0.295210302292772
SNP_627 4 3705484 0.45306580231521
SNP_628 4 3709578 0.203843491618431
SNP_629 4 3710408 0.173095869975423
SNP_630 4 3711172 0.268786618180962
SNP_631 4 3712966 0.610599809041736
SNP_632 4 3717415 0.675154867612692
SNP_633 4 3721160 0.622872202814913
SNP_634 4 3722466 0.934097023107952
SNP_635 4 3723233 0.0536487102240464
SNP_636 4 3725441 0.601307700591886
SNP_637 4 3729553 0.398117070303648
SNP_638 4 3731393 0.500856729982093
SNP_639 4 3733857 0.816903417933956
SNP_640 4 3737149 0.0297479327827925
SNP_641 4 3747713 0.650360030604645
SNP_642 4 3747764 0.237122304429112
SNP_643 4 3752017 0.542225478557544
SNP_644 4 3753402 0.139283762045812
SNP_645 4 3755216 0.0369770203101565
SNP_646 4 3756997 0.882021247222908
SNP_647 4 3757482 0.554436703675713
SNP_648 4 3760105 0.297268980967177
SNP_649 4 3762180 0.917779133514184
SNP_650 4 3763379 0.370011093813942
SNP_651 4 3763919 0.894917707260521
SNP_652 4 3764197 0.525599748254619
SNP_653 4 3773987 0.320188584031996
SNP_654 4 3777979 0.821768246607871
SNP_655 4 3779172 0.818818665751459
SNP_656 4 3780480 0.990199475068029
SNP_657 4 3793974 0.811334393966736
SNP_658 4 3798537 0.240167151181658
SNP_659 4 3801127 0.920222950035816
SNP_660 4 3803400 0.856222136708433
SNP_661 4 3804470 0.793212772471041
SNP_662 4 3805265 0.497785625317798
SNP_663 4 3807803 0.0787874600321474
SNP_664 4 3810911 0.387815996623987
SNP_665 4 3814785 0.776151851122484
SNP_666 4 3815895 0.399253804728072
SNP_667 4 3821069 0.0200951788603491
SNP_668 4 3828064 0.353539525424973
SNP_669 4 3831917 0.868897028706514
SNP_670 4 3852245 0.610406581330404
SNP_671 4 3856988 0.900370344078152
SNP_672 4 3857084 0.833388902005677
SNP_673 4 3857094 0.596937153625896
SNP_674 4 3858096 0.935084700844891
SNP_675 4 3859017 0.0260418519848608
SNP_676 4 3873675 0.407468254281951
SNP_677 4 3875421 0.857211883823438
SNP_678 4 3885388 0.653135190922555
SNP_679 4 3885913 0.821753198448194
SNP_680 4 3895172 0.0440725211946201
SNP_681 4 3896229 0.902480221699101
SNP_682 4 3896242 0.467300760440277
SNP_683 4 3897170 0.435226448830657
SNP_684 4 3898743 0.648904428023563
SNP_685 4 3905018 0.479685404236708
SNP_686 4 3907899 0.553583721775769
SNP_687 4 3910597 0.911147353991459
SNP_688 4 3911251 0.452827975874417
SNP_689 4 3912179 0.720731290900072
SNP_690 4 3914511 0.947554411027445
SNP_691 4 3920738 0.139164979092858
SNP_692 4 3923645 0.809668996775544
SNP_693 4 3925038 0.7361235363691
SNP_694 4 3925128 0.925533945980633
SNP_695 4 3927174 0.663568476161086
SNP_696 4 3928745 0.0319820454973565
SNP_697 4 3935266 0.755789058954674
SNP_698 4 3935940 0.462648934983485
SNP_699 4 3936279 0.699779148799442
SNP_700 4 3950392 0.655075448459208
SNP_701 4 3958883 0.698588668519531
SNP_702 4 3962075 0.171718734960351
SNP_703 4 3965187 0.771485564931855
SNP_704 4 3969878 0.173054615824712
SNP_705 4 3971510 0.384875037400092
SNP_706 4 3972254 0.0174668836169923
SNP_707 4 3972321 0.92480284737549
SNP_708 4 3972393 0.350781658895842
SNP_709 4 3973950 0.184729521616963
SNP_710 4 3979856 0.99443887030964
SNP_711 4 3982446 0.699022609509937
SNP_712 4 3985670 0.246696400564811
SNP_713 4 3985947 0.0220530265762261
SNP_714 4 3986676 0.171823398971434
SNP_715 4 3995192 0.530182895877575
SNP_716 4 4000821 0.0263191300195479
SNP_717 4 4001348 0.482244457037565
SNP_718 4 4001571 0.711836957287092
SNP_719 4 4004440 0.30328995868742
SNP_720 4 4006179 0.0291451642556745
SNP_721 4 4012305 0.0581733341216575
SNP_722 4 4022102 0.588013867579075
SNP_723 4 4023597 0.0258454415104585
SNP_724 4 4027310 0.891125444363179
SNP_725 4 4032801 0.443788804888683
SNP_726 4 4034004 0.899818884625372
SNP_727 4 4034568 0.0365450353104272
SNP_728 4 4046748 0.19099069177934
SNP_729 4 4048960 0.456221605031234
SNP_730 4 4050396 0.84433827262538
SNP_731 4 4051116 0.156195957090263
SNP_732 4 4055175 0.19662194959111
SNP_733 4 4067461 0.844671502563842
SNP_734 4 4069037 0.39848932250059
SNP_735 4 4070971 0.777277032605901
SNP_736 4 4073408 0.0961370302846562
SNP_737 4 4089692 0.286755410239149
SNP_738 4 4095410 0.0143541117645544
SNP_739 4 4096177 0.82896765388008
SNP_740 4 4097791 0.766243757180539
SNP_741 4 4099590 0.979170423613964
SNP_742 4 4099608 0.8769336453901
SNP_743 4 4100635 0.765880332902002
SNP_744 4 4102308 0.657125469179878
SNP_745 4 4107508 0.676099876766903
SNP_746 4 4108217 0.344087366833072
SNP_747 4 4115247 0.256958518807718
SNP_748 4 4118989 0.866876244703059
SNP_749 4 4121469 0.197314462025207
SNP_750 4 4132503 0.968937881319127
SNP_751 4 4132916 0.459002199794853
SNP_752 4 4134333 0.938502785589467
SNP_753 4 4134507 0.776676995853407
SNP_754 4 4137796 0.577546539115587
SNP_755 4 4140676 0.179271314847544
SNP_756 4 4143888 0.776337739154003
SNP_757 4 4147395 0.205654883804761
SNP_758 4 4150352 0.589506116405679
SNP_759 4 4150857 0.308350146615894
SNP_760 4 4151330 0.480229001542935
SNP_761 4 4151593 0.24578788724903
SNP_762 4 4152411 0.955986924089054
SNP_763 4 4152810 0.446454203419546
SNP_764 4 4153132 0.76539901297922
SNP_765 4 4153481 0.119848537397454
SNP_766 4 4156721 0.570942292705292
SNP_767 4 4158382 0.0655093454917334
SNP_768 4 4161145 0.287969814326947
SNP_769 4 4164151 0.926810491945797
SNP_770 4 4165733 0.133143280768979
SNP_771 4 4166949 0.721203469284708
SNP_772 4 4167839 0.268167595909149
SNP_773 4 4167948 0.636726233792836
SNP_774 4 4170841 0.698702318073788
SNP_775 4 4174200 0.0525895448811632
SNP_776 4 4189292 0.0546857599037397
SNP_777 4 4189988 0.00257542670881841
SNP_778 4 4197882 0.367662694061194
SNP_779 4 4199028 0.829504245382298
SNP_780 4 4208532 0.228784988579284
SNP_781 4 4209692 0.754249033524932
SNP_782 4 4210642 0.0128043492218363
SNP_783 4 4211425 0.708930100659374
SNP_784 4 4214481 0.304469948189098
SNP_785 4 4215391 0.765933692262485
SNP_786 4 4215534 0.478641992057641
SNP_787 4 4219543 0.813199708725244
SNP_788 4 4220391 0.0947817136110156
SNP_789 4 4223686 0.52036452232695
SNP_790 4 4226713 0.750873219925149
SNP_791 4 4236620 0.0562168922231486
SNP_792 4 4240659 0.220570753460284
SNP_793 4 4245261 0.440746639852673
SNP_794 4 4246173 0.271725228399984
SNP_795 4 4256127 0.944470582295717
SNP_796 4 4257311 0.915019706104028
SNP_797 4 4257645 0.279936332210971
SNP_798 4 4257802 0.612488680903534
SNP_799 4 4266520 0.141037931784252
SNP_800 4 4267778 0.451979063813426
SNP_801 5 4269773 0.0292347405262664
SNP_802 5 4277307 0.33613531479059
SNP_803 5 4278354 0.626785603956447
SNP_804 5 4279158 0.407325848102465
SNP_805 5 4286584 0.763484771445696
SNP_806 5 4287801 0.549333517712445
SNP_807 5 4288555 0.813910439509361
SNP_808 5 4290699 0.293946781209225
SNP_809 5 4291449 0.725891892558732
SNP_810 5 4293960 0.527234848195619
SNP_811 5 4294811 0.842592079352196
SNP_812 5 4298882 0.462508987238181
SNP_813 5 4313065 0.905897871520384
SNP_814 5 4314519 0.407663532046599
SNP_815 5 4317941 0.321180036381583
SNP_816 5 4318342 0.968523535625397
SNP_817 5 4320185 0.212817578708206
SNP_818 5 4320379 0.934941456017813
SNP_819 5 4321528 0.783547745469611
SNP_820 5 4321888 0.457295350316053
SNP_821 5 4322554 0.964606456960621
SNP_822 5 4326527 0.646207814898947
SNP_823 5 4330262 0.538033230351305
SNP_824 5 4332014 0.265748445684903
SNP_825 5 4343555 0.814162341120301
SNP_826 5 4343971 0.789727023859944
SNP_827 5 4358820 0.839193981521523
SNP_828 5 4359986 0.431307556666133
SNP_829 5 4361584 0.321836899541004
SNP_830 5 4364415 0.935781861929132
SNP_831 5 4367223 0.557724914923362
SNP_832 5 4367248 0.344276400840788
SNP_833 5 4370150 0.669037285000672
SNP_834 5 4371157 0.152244691778289
SNP_835 5 4371558 0.757919329774936
SNP_836 5 4374798 0.473350673132238
SNP_837 5 4380326 0.331701061806611
SNP_838 5 4387622 0.425471557084352
SNP_839 5 4393312 0.111435029412743
SNP_840 5 4402710 0.567885027821718
SNP_841 5 4403665 0.74873794143348
SNP_842 5 4405359 0.180185572503521
SNP_843 5 4413729 0.0659017417616909
SNP_844 5 4417210 0.488778993020447
SNP_845 5 4419691 0.318240909283701
SNP_846 5 4422816 0.694381031758618
SNP_847 5 4425621 0.844449678878819
SNP_848 5 4433564 0.524961518112447
SNP_849 5 4436389 0.314476468904386
SNP_850 5 4437123 0.18619836491151
SNP_851 5 4440690 0.578774657489643
SNP_852 5 4442981 0.700030781028022
SNP_853 5 4443701 0.196429260178844
SNP_854 5 4448320 0.308942553118838
SNP_855 5 4448876 0.612704756755936
SNP_856 5 4454124 0.373878185170726
SNP_857 5 4456304 0.768405898006263
SNP_858 5 4460867 0.053767602839137
SNP_859 5 4461737 0.874184142054056
SNP_860 5 4462201 0.963847598701096
SNP_861 5 4464972 0.721719258741091
SNP_862 5 4470730 0.369837590153345
SNP_863 5 4479782 0.451050181978133
SNP_864 5 4483317 0.92844609875404
SNP_865 5 4502536 0.189830233546551
SNP_866 5 4505185 0.330685005790456
SNP_867 5 4507037 0.393284994985822
SNP_868 5 4507627 0.0656350222582766
SNP_869 5 4509993 0.763987773971001
SNP_870 5 4511610 0.358300082636345
SNP_871 5 4513229 0.958782176792093
SNP_872 5 4513842 0.972826674836012
SNP_873 5 4523670 0.602302356659092
SNP_874 5 4524113 0.171704542211904
SNP_875 5 4525815 0.301331776397254
SNP_876 5 4526486 0.463461034093881
SNP_877 5 4530484 0.125151802510889
SNP_878 5 4533924 0.545158960500092
SNP_879 5 4536088 0.368341868226761
SNP_880 5 4542134 0.529601462107478
SNP_881 5 4542443 0.942840492820062
SNP_882 5 4546599 0.342981468889217
SNP_883 5 4550159 0.0721618942315015
SNP_884 5 4561775 0.947262520920516
SNP_885 5 4563416 0.157235583946579
SNP_886 5 4574219 0.876981891142293
SNP_887 5 4579549 0.623064374417006
SNP_888 5 4581157 0.875926406815075
SNP_889 5 4582237 0.000974934368610848
SNP_890 5 4583858 0.411324605501376
SNP_891 5 4584261 0.917017030559257
SNP_892 5 4585861 0.277809936585189
SNP_893 5 4585882 0.396183444881558
SNP_894 5 4594724 0.782858136870263
SNP_895 5 4600040 0.407192679153562
SNP_896 5 4602522 0.602998997372049
SNP_897 5 4604112 0.714641365032319
SNP_898 5 4612064 0.999924462578339
SNP_899 5 4614452 0.997052780255533
SNP_900 5 4618392 0.559587924681548
SNP_901 5 4618707 0.158570292520372
SNP_902 5 4619803 0.480642819182046
SNP_903 5 4620509 0.251414848679898
SNP_904 5 4620976 0.552241434640312
SNP_905 5 4622000 0.712709103518501
SNP_906 5 4624337 0.153130785589928
SNP_907 5 4629578 0.0575773872313509
SNP_908 5 4631712 0.834137470184977
SNP_909 5 4632317 0.484153970992146
SNP_910 5 4638474 0.742227286650904
SNP_911 5 4642979 0.588988328583865
SNP_912 5 4643203 0.604871169622929
SNP_913 5 4647601 0.598013801115665
SNP_914 5 4649275 0.0897071236214391
SNP_915 5 4649935 0.521517823882981
SNP_916 5 4655832 0.721444846822966
SNP_917 5 4660554 0.75810924433934
SNP_918 5 4666506 0.719777553245146
SNP_919 5 4669062 0.352922364382714
SNP_920 5 4669560 0.826116755908157
SNP_921 5 4673738 0.592862279062818
SNP_922 5 4674135 0.605059626682079
SNP_923 5 4679349 0.827529745552479
SNP_924 5 4680515 0.11075266759471
SNP_925 5 4680890 0.720639545600894
SNP_926 5 4683515 0.740023527530984
SNP_927 5 4685760 0.58514543856632
SNP_928 5 4687816 0.585341198052752
SNP_929 5 4689149 0.539962321441954
SNP_930 5 4691546 0.327659266326437
SNP_931 5 4694706 0.992117465370258
SNP_932 5 4701234 0.419467660347808
SNP_933 5 4702248 0.396554497547019
SNP_934 5 4705178 0.187415039075383
SNP_935 5 4716454 0.405136786968436
SNP_936 5 4719736 0.568320370671412
SNP_937 5 4720200 0.594787264226125
SNP_938 5 4728275 0.799439118036635
SNP_939 5 4732527 0.8344693841778
SNP_940 5 4732866 0.0946589527862938
SNP_941 5 4742697 0.496632273238022
SNP_942 5 4747464 0.252093858235846
SNP_943 5 4750497 0.51602242628261
SNP_944 5 4751793 0.532324252352417
SNP_945 5 4754045 0.221111690703009
SNP_946 5 4759049 0.254633839603737
SNP_947 5 4760461 0.918124802305393
SNP_948 5 4764446 0.800753603142956
SNP_949 5 4768837 0.342473632149601
SNP_950 5 4771118 0.0469877615043172
SNP_951 5 4772169 0.623243927190064
SNP_952 5 4772440 0.145966487430704
SNP_953 5 4773887 0.884806309030585
SNP_954 5 4774425 0.4548781151047
SNP_955 5 4792474 0.0496422869528527
SNP_956 5 4794297 0.627119314918208
SNP_957 5 4797425 0.912205281386189
SNP_958 5 4801183 0.359898268346433
SNP_959 5 4804149 0.711611905204649
SNP_960 5 4806105 0.967296672661616
SNP_961 5 4808754 0.400227885757051
SNP_962 5 4817800 0.458233637251144
SNP_963 5 4818640 0.738691671104054
SNP_964 5 4822369 0.342813408754633
SNP_965 5 4829103 0.282172572277852
SNP_966 5 4837902 0.906421531737968
SNP_967 5 4843409 0.496243742616584
SNP_968 5 4846477 0.649259037887738
SNP_969 5 4847722 0.207087105766416
SNP_970 5 4849574 0.152729652204609
SNP_971 5 4863914 0.684762367626794
SNP_972 5 4865144 0.0531238174133608
SNP_973 5 4873437 0.395881609978795
SNP_974 5 4874846 0.0349304698955268
SNP_975 5 4876042 0.408965323585996
SNP_976 5 4879295 0.750160798108978
SNP_977 5 4885227 0.919797535218317
SNP_978 5 4896390 0.112671134030845
SNP_979 5 4896556 0.930444361740209
SNP_980 5 4897597 0.379122877199212
SNP_981 5 4898734 0.242363290063646
SNP_982 5 4899708 0.293185805841829
SNP_983 5 4901890 0.805358591226034
SNP_984 5 4904294 0.91865302851907
SNP_985 5 4921432 0.687973929697576
SNP_986 5 4921627 0.479284604028708
SNP_987 5 4946078 0.770495127713722
SNP_988 5 4955975 0.00276671542593977
SNP_989 5 4964071 0.735341380609856
SNP_990 5 4978157 0.809084741126264
SNP_991 5 4980844 0.275985940936492
SNP_992 5 4981600 0.611926513443703
SNP_993 5 4983403 0.500839397310985
SNP_994 5 4984075 0.457089253718075
SNP_995 5 4984282 0.255852487918895
SNP_996 5 4984667 0.459412865869887
SNP_997 5 4985958 0.379917892299141
SNP_998 5 4988441 0.785956839373261
SNP_999 5 4989977 0.307255315234696
SNP_1000 5 4996716 0.702345924282691
